-1.000000000000000000e+02 0.000000000000000000e+00 5.179684319653916447e+01 -1.328546367160796308e+03
-9.899497487437186294e+01 0.000000000000000000e+00 5.091143684141378856e+01 -7.603705171006461114e+02
-9.798994974874372588e+01 0.000000000000000000e+00 5.727449690806427185e+01 -1.272593167490664655e+03
-9.698492462311557460e+01 0.000000000000000000e+00 5.770921823459664068e+01 -1.260052012345490539e+03
-9.597989949748743754e+01 0.000000000000000000e+00 5.807956518717630701e+01 -9.828752933655314337e+02
-9.497487437185930048e+01 0.000000000000000000e+00 5.546089131427602581e+01 -1.148204294575160020e+03
-9.396984924623114921e+01 0.000000000000000000e+00 5.487915610415774381e+01 -1.020172580227108369e+03
-9.296482412060301215e+01 0.000000000000000000e+00 6.256947064270902104e+01 -1.290478696795042424e+03
-9.195979899497487509e+01 0.000000000000000000e+00 5.653135931395749481e+01 -1.441223306667083762e+03
-9.095477386934673802e+01 0.000000000000000000e+00 6.622478268300565674e+01 -1.294095452045763977e+03
-8.994974874371860096e+01 0.000000000000000000e+00 6.881630738051167384e+01 -1.324421660345400824e+03
-8.894472361809044969e+01 0.000000000000000000e+00 7.192021714898309881e+01 -1.642181885572845204e+03
-8.793969849246231263e+01 0.000000000000000000e+00 7.232526439993407052e+01 -1.534845271743608009e+03
-8.693467336683417557e+01 0.000000000000000000e+00 7.584947487269089095e+01 -1.641911087747665078e+03
-8.592964824120602430e+01 0.000000000000000000e+00 7.066096885531437977e+01 -1.657645573291843903e+03
-8.492462311557788723e+01 0.000000000000000000e+00 7.859305456637530085e+01 -1.486467529841913120e+03
-8.391959798994975017e+01 0.000000000000000000e+00 8.033473855820760434e+01 -1.449572804078337640e+03
-8.291457286432161311e+01 0.000000000000000000e+00 8.456398497976415740e+01 -1.718233243961080234e+03
-8.190954773869347605e+01 0.000000000000000000e+00 9.558877533542106164e+01 -1.877240417622344012e+03
-8.090452261306532478e+01 0.000000000000000000e+00 9.245397179788065500e+01 -1.682175574512333696e+03
-7.989949748743718771e+01 0.000000000000000000e+00 9.456005243067556876e+01 -1.756556746258689145e+03
-7.889447236180905065e+01 0.000000000000000000e+00 1.003334236755376452e+02 -2.176671208574452976e+03
-7.788944723618089938e+01 0.000000000000000000e+00 9.978919296021453533e+01 -1.847391838199793938e+03
-7.688442211055276232e+01 0.000000000000000000e+00 1.064549236614244307e+02 -1.971938508664991559e+03
-7.587939698492462526e+01 0.000000000000000000e+00 1.133445816300505271e+02 -2.199923390699317224e+03
-7.487437185929648820e+01 0.000000000000000000e+00 1.201159549448866812e+02 -2.516270573550964400e+03
-7.386934673366835113e+01 0.000000000000000000e+00 1.215979625737414977e+02 -2.368951738121087601e+03
-7.286432160804019986e+01 0.000000000000000000e+00 1.239499850541446904e+02 -2.103665515479645364e+03
-7.185929648241206280e+01 0.000000000000000000e+00 1.337181452273796651e+02 -2.478154037840907222e+03
-7.085427135678392574e+01 0.000000000000000000e+00 1.331036048803354959e+02 -2.561576089634760137e+03
-6.984924623115577447e+01 0.000000000000000000e+00 1.504589802805901968e+02 -2.864695425134987090e+03
-6.884422110552763741e+01 0.000000000000000000e+00 1.493777198607808430e+02 -2.607803216715439703e+03
-6.783919597989950034e+01 0.000000000000000000e+00 1.575094147496104995e+02 -2.615548959413834837e+03
-6.683417085427136328e+01 0.000000000000000000e+00 1.626015497140784305e+02 -2.726922143828212029e+03
-6.582914572864322622e+01 0.000000000000000000e+00 1.698617125255510132e+02 -2.906927552369084879e+03
-6.482412060301507495e+01 0.000000000000000000e+00 1.830922814513637888e+02 -3.035135252211595343e+03
-6.381909547738693789e+01 0.000000000000000000e+00 1.857396905757912009e+02 -3.114892345006745927e+03
-6.281407035175880083e+01 0.000000000000000000e+00 1.843220134278212754e+02 -2.882333942356280204e+03
-6.180904522613065666e+01 0.000000000000000000e+00 1.966685606801553945e+02 -3.192964018981890604e+03
-6.080402010050251249e+01 0.000000000000000000e+00 2.004295773408107664e+02 -3.210235166452229805e+03
-5.979899497487437543e+01 0.000000000000000000e+00 2.072495585299151344e+02 -3.344495031586458026e+03
-5.879396984924623837e+01 0.000000000000000000e+00 2.065451912360283870e+02 -3.367535648121654958e+03
-5.778894472361809420e+01 0.000000000000000000e+00 2.182689485320006497e+02 -3.511806226393944598e+03
-5.678391959798995003e+01 0.000000000000000000e+00 2.265393435058126954e+02 -3.672782410859092579e+03
-5.577889447236181297e+01 0.000000000000000000e+00 2.312828965932651784e+02 -3.753250772583112393e+03
-5.477386934673367591e+01 0.000000000000000000e+00 2.327448754982836476e+02 -3.612433693451227555e+03
-5.376884422110553174e+01 0.000000000000000000e+00 2.329622822247473266e+02 -3.616455762891812810e+03
-5.276381909547738758e+01 0.000000000000000000e+00 2.374777686143369237e+02 -3.767874381208900104e+03
-5.175879396984925052e+01 0.000000000000000000e+00 2.445735406924275992e+02 -3.669905591613028264e+03
-5.075376884422111345e+01 0.000000000000000000e+00 2.495140128583464332e+02 -3.624615868335932646e+03
-4.974874371859296929e+01 0.000000000000000000e+00 2.508785624107769650e+02 -3.318101215016733477e+03
-4.874371859296482512e+01 0.000000000000000000e+00 2.595620932992912913e+02 -3.285084187138100333e+03
-4.773869346733668806e+01 0.000000000000000000e+00 2.594047519221840048e+02 -3.056409166857719811e+03
-4.673366834170855100e+01 0.000000000000000000e+00 2.692812630189590664e+02 -2.675088102462410006e+03
-4.572864321608040683e+01 0.000000000000000000e+00 2.760003366748348412e+02 -2.298632278003072770e+03
-4.472361809045226266e+01 0.000000000000000000e+00 2.918660300111544075e+02 -1.720795985486052359e+03
-4.371859296482412560e+01 0.000000000000000000e+00 3.038104783468292567e+02 -1.003257102374395458e+03
-4.271356783919598854e+01 0.000000000000000000e+00 3.237337719514850960e+02 8.325448970238221591e+01
-4.170854271356784437e+01 0.000000000000000000e+00 3.327988321257585085e+02 9.608766078155492778e+02
-4.070351758793970021e+01 0.000000000000000000e+00 3.433703954162376135e+02 1.629486742450381143e+03
-3.969849246231156314e+01 0.000000000000000000e+00 3.501893398422905648e+02 3.298375326977612531e+03
-3.869346733668342608e+01 0.000000000000000000e+00 3.500530669853536097e+02 4.318138925883012234e+03
-3.768844221105528192e+01 0.000000000000000000e+00 3.538917677491790528e+02 5.174313336626700220e+03
-3.668341708542713775e+01 0.000000000000000000e+00 3.623130027009505625e+02 7.108732820063803956e+03
-3.567839195979900069e+01 0.000000000000000000e+00 3.667731835080424503e+02 8.396839664139351953e+03
-3.467336683417086363e+01 0.000000000000000000e+00 3.704630365245509438e+02 1.004421930044187138e+04
-3.366834170854272656e+01 0.000000000000000000e+00 3.717322660634031877e+02 1.143348507529577728e+04
-3.266331658291457529e+01 0.000000000000000000e+00 3.804424756872045918e+02 1.312900962207296652e+04
-3.165829145728643823e+01 0.000000000000000000e+00 3.753100890760516677e+02 1.406329522378554611e+04
-3.065326633165830117e+01 0.000000000000000000e+00 3.863866036799689709e+02 1.510165908236603900e+04
-2.964824120603014990e+01 0.000000000000000000e+00 3.784635881267131481e+02 1.631479287947296871e+04
-2.864321608040201284e+01 0.000000000000000000e+00 3.879153602810752091e+02 1.761754230675445797e+04
-2.763819095477387577e+01 0.000000000000000000e+00 3.893750254843636753e+02 1.753737775824775235e+04
-2.663316582914573871e+01 0.000000000000000000e+00 3.887680924241326466e+02 1.832879162738587547e+04
-2.562814070351760165e+01 0.000000000000000000e+00 3.931389621825600784e+02 1.845326122267367100e+04
-2.462311557788945038e+01 0.000000000000000000e+00 3.912257896404288431e+02 1.846205369897592755e+04
-2.361809045226131332e+01 0.000000000000000000e+00 3.830125714775728625e+02 1.867247362575377338e+04
-2.261306532663317626e+01 0.000000000000000000e+00 3.800581128005210871e+02 1.806979883365584465e+04
-2.160804020100502498e+01 0.000000000000000000e+00 3.839389727009829016e+02 1.833158890548119234e+04
-2.060301507537688792e+01 0.000000000000000000e+00 3.861303422123290829e+02 1.809518579400262024e+04
-1.959798994974875086e+01 0.000000000000000000e+00 3.784891738157613759e+02 1.761830513694308684e+04
-1.859296482412061380e+01 0.000000000000000000e+00 3.778656464432133362e+02 1.699052753665758064e+04
-1.758793969849247674e+01 0.000000000000000000e+00 3.776312744073173349e+02 1.626600526575717959e+04
-1.658291457286432546e+01 0.000000000000000000e+00 3.768096461752609230e+02 1.594157110836250649e+04
-1.557788944723618840e+01 0.000000000000000000e+00 3.718749512703480491e+02 1.512613818010296200e+04
-1.457286432160805134e+01 0.000000000000000000e+00 3.687247531545739889e+02 1.449062164112918435e+04
-1.356783919597990007e+01 0.000000000000000000e+00 3.661899206966317024e+02 1.417996768425122900e+04
-1.256281407035176301e+01 0.000000000000000000e+00 3.620104382327886583e+02 1.309720379884050271e+04
-1.155778894472362595e+01 0.000000000000000000e+00 3.582033797943948343e+02 1.205487569875695954e+04
-1.055276381909548888e+01 0.000000000000000000e+00 3.573577168992835027e+02 1.152910682619431100e+04
-9.547738693467351823e+00 0.000000000000000000e+00 3.503919681624076929e+02 1.044323896814144791e+04
-8.542713567839200550e+00 0.000000000000000000e+00 3.505317143110594316e+02 9.892967582793791735e+03
-7.537688442211063489e+00 0.000000000000000000e+00 3.457771133154664653e+02 8.886220417787044425e+03
-6.532663316582926427e+00 0.000000000000000000e+00 3.473985169668739559e+02 8.008574585997772374e+03
-5.527638190954775155e+00 0.000000000000000000e+00 3.384367301240380357e+02 7.502799375051375137e+03
-4.522613065326638093e+00 0.000000000000000000e+00 3.397940079683920658e+02 6.269576773889292781e+03
-3.517587939698501032e+00 0.000000000000000000e+00 3.402451250395812963e+02 5.542631898389162416e+03
-2.512562814070363970e+00 0.000000000000000000e+00 3.349838975269321395e+02 4.561525482445520538e+03
-1.507537688442226909e+00 0.000000000000000000e+00 3.272745561298160624e+02 3.986476462309449744e+03
-5.025125628140756362e-01 0.000000000000000000e+00 3.349311194368148108e+02 3.525500435568153534e+03
5.025125628140614253e-01 0.000000000000000000e+00 3.186418701612157633e+02 3.016412536751422522e+03
1.507537688442198487e+00 0.000000000000000000e+00 3.245636634824116413e+02 2.053272458326915057e+03
2.512562814070349759e+00 0.000000000000000000e+00 3.126267680306085026e+02 1.928045473468172986e+03
3.517587939698486821e+00 0.000000000000000000e+00 3.135837773655163687e+02 1.296534477152024920e+03
4.522613065326623882e+00 0.000000000000000000e+00 3.058211235070446037e+02 4.560528222160087353e+02
5.527638190954760944e+00 0.000000000000000000e+00 3.121656951257479591e+02 6.961513536138483005e+01
6.532663316582898005e+00 0.000000000000000000e+00 3.001919983376923824e+02 -1.544871523091698577e+02
7.537688442211049278e+00 0.000000000000000000e+00 3.037850338893503022e+02 -6.428894447851104132e+02
8.542713567839186339e+00 0.000000000000000000e+00 2.982475057382970931e+02 -7.967889628510411058e+02
9.547738693467323401e+00 0.000000000000000000e+00 2.964678182407565146e+02 -9.522660465731953536e+02
1.055276381909547467e+01 0.000000000000000000e+00 2.904667254912126282e+02 -1.182631761291239172e+03
1.155778894472361173e+01 0.000000000000000000e+00 2.896469112300310371e+02 -1.334675228111025490e+03
1.256281407035174880e+01 0.000000000000000000e+00 2.879661079940150898e+02 -1.549425380041938979e+03
1.356783919597988586e+01 0.000000000000000000e+00 2.869989768749960604e+02 -1.266895244470616944e+03
1.457286432160802292e+01 0.000000000000000000e+00 2.806461810107363704e+02 -1.547016731529529807e+03
1.557788944723617419e+01 0.000000000000000000e+00 2.838610802944505735e+02 -1.634295122235625740e+03
1.658291457286431125e+01 0.000000000000000000e+00 2.764559526016578843e+02 -1.740785726056329395e+03
1.758793969849244831e+01 0.000000000000000000e+00 2.765753041740332492e+02 -2.039737315455910448e+03
1.859296482412059959e+01 0.000000000000000000e+00 2.761287136644780276e+02 -2.025428385847432537e+03
1.959798994974873665e+01 0.000000000000000000e+00 2.740027668086753465e+02 -2.120415859119778816e+03
2.060301507537687371e+01 0.000000000000000000e+00 2.727036145509827634e+02 -1.922083542968357506e+03
2.160804020100501077e+01 0.000000000000000000e+00 2.752271112837703981e+02 -1.846716155247244387e+03
2.261306532663314783e+01 0.000000000000000000e+00 2.719814121994010634e+02 -1.796633496014357661e+03
2.361809045226129911e+01 0.000000000000000000e+00 2.712689041301972566e+02 -1.967894143434767102e+03
2.462311557788943617e+01 0.000000000000000000e+00 2.686242627641138370e+02 -2.122300030676989536e+03
2.562814070351757323e+01 0.000000000000000000e+00 2.708998367631996871e+02 -2.307802801425043072e+03
2.663316582914572450e+01 0.000000000000000000e+00 2.626345287250250635e+02 -1.765430964636858789e+03
2.763819095477386156e+01 0.000000000000000000e+00 2.654530016340907537e+02 -1.866507690585799992e+03
2.864321608040199862e+01 0.000000000000000000e+00 2.615543315405540739e+02 -1.568459235270601766e+03
2.964824120603014990e+01 0.000000000000000000e+00 2.617521385818374142e+02 -1.985141520424904229e+03
3.065326633165827275e+01 0.000000000000000000e+00 2.592309912473053828e+02 -1.394314401303947534e+03
3.165829145728642402e+01 0.000000000000000000e+00 2.517227568873821042e+02 -1.879087518456822409e+03
3.266331658291454687e+01 0.000000000000000000e+00 2.567402587812871388e+02 -1.636639396035650407e+03
3.366834170854269814e+01 0.000000000000000000e+00 2.510167294254052308e+02 -1.927751765122159213e+03
3.467336683417084942e+01 0.000000000000000000e+00 2.535859853566656739e+02 -1.856841803333976941e+03
3.567839195979897227e+01 0.000000000000000000e+00 2.422615876390837855e+02 -1.541132801368616356e+03
3.668341708542712354e+01 0.000000000000000000e+00 2.545157886085441135e+02 -1.512932257673681988e+03
3.768844221105527481e+01 0.000000000000000000e+00 2.408454684091869353e+02 -1.400506112491962085e+03
3.869346733668339766e+01 0.000000000000000000e+00 2.443449408616552319e+02 -1.489654723086408694e+03
3.969849246231154893e+01 0.000000000000000000e+00 2.448620021019148396e+02 -1.075033298539097814e+03
4.070351758793970021e+01 0.000000000000000000e+00 2.434570741050968934e+02 -1.124139960791884960e+03
4.170854271356782306e+01 0.000000000000000000e+00 2.406359422046560610e+02 -1.130638781046380018e+03
4.271356783919597433e+01 0.000000000000000000e+00 2.373080167244802965e+02 -1.182145706539822868e+03
4.371859296482409718e+01 0.000000000000000000e+00 2.403951301726326335e+02 -1.164449242389565597e+03
4.472361809045224845e+01 0.000000000000000000e+00 2.310784347024356009e+02 -8.901061082877065473e+02
4.572864321608039972e+01 0.000000000000000000e+00 2.376930226378362647e+02 -1.275262390302068525e+03
4.673366834170852258e+01 0.000000000000000000e+00 2.273345461574034232e+02 -9.830524789542990902e+02
4.773869346733667385e+01 0.000000000000000000e+00 2.281089070869884665e+02 -1.001395251308108755e+03
4.874371859296479670e+01 0.000000000000000000e+00 2.339654796763283571e+02 -9.127825900161510617e+02
4.974874371859294797e+01 0.000000000000000000e+00 2.263407345762046248e+02 -1.150560076504753852e+03
5.075376884422109924e+01 0.000000000000000000e+00 2.291223904069641435e+02 -9.370930703985352466e+02
5.175879396984922209e+01 0.000000000000000000e+00 2.248656685361408165e+02 -8.769748572347517666e+02
5.276381909547737337e+01 0.000000000000000000e+00 2.266687187176419513e+02 -4.563869765369649372e+02
5.376884422110552464e+01 0.000000000000000000e+00 2.225634097706375201e+02 -9.599677420629903963e+02
5.477386934673364749e+01 0.000000000000000000e+00 2.221510520218125748e+02 -9.942178981911397386e+02
5.577889447236179876e+01 0.000000000000000000e+00 2.148038250810946863e+02 -8.482370612424333558e+02
5.678391959798995003e+01 0.000000000000000000e+00 2.137675828412106966e+02 -1.131278955997798221e+03
5.778894472361807289e+01 0.000000000000000000e+00 2.136303848830466166e+02 -8.404684153909522593e+02
5.879396984924622416e+01 0.000000000000000000e+00 2.087387205814923448e+02 -7.524146161765067973e+02
5.979899497487434701e+01 0.000000000000000000e+00 2.132611736269511198e+02 -5.883570812679618030e+02
6.080402010050249828e+01 0.000000000000000000e+00 2.109687852191492254e+02 -7.026171709312177427e+02
6.180904522613064955e+01 0.000000000000000000e+00 2.090926158845528562e+02 -5.374523088988735253e+02
6.281407035175877240e+01 0.000000000000000000e+00 2.062773146373202451e+02 -6.390571963580711099e+02
6.381909547738692368e+01 0.000000000000000000e+00 2.104970988851333971e+02 -8.585425238460253468e+02
6.482412060301504653e+01 0.000000000000000000e+00 1.993546343082487340e+02 -6.720568285444933281e+02
6.582914572864319780e+01 0.000000000000000000e+00 1.967086686722223305e+02 -4.686937413352980002e+02
6.683417085427134907e+01 0.000000000000000000e+00 1.980590115805392202e+02 -6.606775052717392782e+02
6.783919597989947192e+01 0.000000000000000000e+00 1.929621808684414361e+02 -3.779981011197734801e+02
6.884422110552762319e+01 0.000000000000000000e+00 2.011582870008276132e+02 -6.010236126081354087e+02
6.984924623115577447e+01 0.000000000000000000e+00 1.896566953231914852e+02 -8.540834677493616027e+02
7.085427135678389732e+01 0.000000000000000000e+00 1.908635657102672383e+02 -4.743800375753634739e+02
7.185929648241204859e+01 0.000000000000000000e+00 1.904164384860769985e+02 -6.852357014252612544e+02
7.286432160804019986e+01 0.000000000000000000e+00 1.882218980324119286e+02 -4.117795967870019354e+02
7.386934673366832271e+01 0.000000000000000000e+00 1.826034392627315128e+02 -8.617720046703648222e+02
7.487437185929647399e+01 0.000000000000000000e+00 1.867275062374325785e+02 -4.731672414997133274e+02
7.587939698492459684e+01 0.000000000000000000e+00 1.834476635460536897e+02 -3.498236345714558411e+02
7.688442211055274811e+01 0.000000000000000000e+00 1.810948440429976642e+02 -6.294560242915285926e+02
7.788944723618089938e+01 0.000000000000000000e+00 1.734831562781347145e+02 -4.514358192995725290e+02
7.889447236180902223e+01 0.000000000000000000e+00 1.779820279244892447e+02 -7.396687223726152070e+02
7.989949748743717350e+01 0.000000000000000000e+00 1.761170495997326668e+02 -2.204650183671583932e+02
8.090452261306529635e+01 0.000000000000000000e+00 1.699269525496551978e+02 -3.720329623724638282e+02
8.190954773869344763e+01 0.000000000000000000e+00 1.651280675354166476e+02 -5.907952406427084497e+02
8.291457286432159890e+01 0.000000000000000000e+00 1.641006624547783304e+02 -4.098012400073315575e+01
8.391959798994972175e+01 0.000000000000000000e+00 1.627987205761209282e+02 -3.949243779105570979e+02
8.492462311557787302e+01 0.000000000000000000e+00 1.624333653441032368e+02 -5.086935993670844027e+02
8.592964824120602430e+01 0.000000000000000000e+00 1.591513180670290240e+02 -3.161307757806088716e+02
8.693467336683414715e+01 0.000000000000000000e+00 1.590007761596331193e+02 -2.392103314941392398e+02
8.793969849246229842e+01 0.000000000000000000e+00 1.529734262806669562e+02 -4.508708340906434842e+02
8.894472361809044969e+01 0.000000000000000000e+00 1.559701161977158961e+02 -1.353171977619425945e+02
8.994974874371857254e+01 0.000000000000000000e+00 1.524874682757142921e+02 -5.124105380307969426e+02
9.095477386934672381e+01 0.000000000000000000e+00 1.500896432336567159e+02 -5.246241723889747846e+02
9.195979899497484666e+01 0.000000000000000000e+00 1.512671127011457486e+02 -5.407883384378395704e+02
9.296482412060299794e+01 0.000000000000000000e+00 1.396295370817752541e+02 -3.206045280143472382e+02
9.396984924623114921e+01 0.000000000000000000e+00 1.439406942027953846e+02 -6.703799044284023694e+02
9.497487437185927206e+01 0.000000000000000000e+00 1.444651381417048412e+02 -2.520095855616912672e+02
9.597989949748742333e+01 0.000000000000000000e+00 1.367534915430744320e+02 -1.155354329040761456e+02
9.698492462311554618e+01 0.000000000000000000e+00 1.331722344501222608e+02 -5.531862621553610779e+02
9.798994974874369746e+01 0.000000000000000000e+00 1.273670355214203767e+02 -5.043544495585480263e+02
9.899497487437184873e+01 0.000000000000000000e+00 1.346883576097680475e+02 6.921699628768749335e-01
1.000000000000000000e+02 0.000000000000000000e+00 1.264086619250577996e+02 -4.671599943901993583e+02
