#TIMESERIES BK_CMB_00_LHZ_M, 660 samples, 1 sps, 2020-01-28T19:17:05.069536, TSPAIR, INTEGER, 
05.069536  5324
06.069536  2198
07.069536  -258
08.069536  1045
09.069536  3651
10.069536  5216
11.069536  4499
12.069536  2036
13.069536  1246
14.069536  2200
15.069536  3008
16.069536  3385
17.069536  3063
18.069536  2480
19.069536  1943
20.069536  1413
21.069536  1473
22.069536  2657
23.069536  4392
24.069536  4750
25.069536  3286
26.069536  1750
27.069536  1380
28.069536  2641
29.069536  4130
30.069536  3729
31.069536  2828
32.069536  2239
33.069536  1575
34.069536  2060
35.069536  2738
36.069536  2788
37.069536  2946
38.069536  2971
39.069536  2794
40.069536  2562
41.069536  2665
42.069536  3103
43.069536  2904
44.069536  2048
45.069536  2185
46.069536  3570
47.069536  3805
48.069536  2595
49.069536  2176
50.069536  2803
51.069536  2929
52.069536  2910
53.069536  3581
54.069536  3111
55.069536  1666
56.069536  1070
57.069536  1092
58.069536  2409
59.069536  4696
00.069536  6038
01.069536  4607
02.069536  888
03.069536  -596
04.069536  577
05.069536  6984
06.069536  16559
07.069536  13826
08.069536  7513
09.069536  8082
10.069536  13823
11.069536  47568
12.069536  72250
13.069536  57587
14.069536  28235
15.069536  -3516
16.069536  54408
17.069536  119060
18.069536  40650
19.069536  -58871
20.069536  -106222
21.069536  -80026
22.069536  37047
23.069536  129580
24.069536  87467
25.069536  10771
26.069536  15409
27.069536  -3798
28.069536  30023
29.069536  137038
30.069536  106659
31.069536  50962
32.069536  23885
33.069536  -124170
34.069536  -264908
35.069536  -274390
36.069536  -155973
37.069536  -6235
38.069536  -3944
39.069536  -18704
40.069536  70289
41.069536  71045
42.069536  -37435
43.069536  -81508
44.069536  -34847
45.069536  38710
46.069536  70257
47.069536  44182
48.069536  31463
49.069536  9495
50.069536  -52449
51.069536  -40971
52.069536  57147
53.069536  36874
54.069536  -59974
55.069536  -37579
56.069536  -35628
57.069536  -53889
58.069536  -12147
59.069536  5722
00.069536  56593
01.069536  75784
02.069536  49615
03.069536  76711
04.069536  59761
05.069536  -11608
06.069536  -83771
07.069536  -129052
08.069536  -101841
09.069536  -48814
10.069536  9643
11.069536  73664
12.069536  82065
13.069536  32310
14.069536  17910
15.069536  10114
16.069536  -54130
17.069536  -83978
18.069536  -83876
19.069536  -48136
20.069536  75846
21.069536  118732
22.069536  10254
23.069536  -46272
24.069536  7089
25.069536  58366
26.069536  45950
27.069536  -14248
28.069536  -13945
29.069536  31459
30.069536  20239
31.069536  8008
32.069536  -5698
33.069536  -93412
34.069536  -115808
35.069536  11547
36.069536  117923
37.069536  106585
38.069536  15926
39.069536  -52535
40.069536  -40702
41.069536  -36382
42.069536  -51663
43.069536  -8362
44.069536  11334
45.069536  -50792
46.069536  -63878
47.069536  -8920
48.069536  44278
49.069536  91289
50.069536  124890
51.069536  108082
52.069536  42046
53.069536  62095
54.069536  183700
55.069536  189126
56.069536  22602
57.069536  -108643
58.069536  -115139
59.069536  -93896
00.069536  -24423
01.069536  43322
02.069536  47327
03.069536  103684
04.069536  108014
05.069536  94091
06.069536  152798
07.069536  145113
08.069536  130481
09.069536  -38932
10.069536  -364333
11.069536  -474590
12.069536  -441532
13.069536  -333252
14.069536  -160769
15.069536  -110917
16.069536  -30859
17.069536  75515
18.069536  70863
19.069536  79939
20.069536  89297
21.069536  101527
22.069536  132038
23.069536  189551
24.069536  309992
25.069536  295671
26.069536  156174
27.069536  123963
28.069536  78116
29.069536  -72419
30.069536  -159096
31.069536  -131383
32.069536  -90222
33.069536  -161357
34.069536  -272295
35.069536  -270853
36.069536  -149513
37.069536  -19426
38.069536  5296
39.069536  -49119
40.069536  -119820
41.069536  -107210
42.069536  9603
43.069536  90224
44.069536  99591
45.069536  100456
46.069536  138737
47.069536  186915
48.069536  181106
49.069536  129728
50.069536  37400
51.069536  -74175
52.069536  -140916
53.069536  -136295
54.069536  -96734
55.069536  -28532
56.069536  89753
57.069536  124720
58.069536  26996
59.069536  -29830
00.069536  -36456
01.069536  -83103
02.069536  -143304
03.069536  -126915
04.069536  6959
05.069536  66704
06.069536  -18438
07.069536  -58888
08.069536  -6823
09.069536  60796
10.069536  106071
11.069536  174664
12.069536  187421
13.069536  64792
14.069536  -47619
15.069536  -107108
16.069536  -96720
17.069536  -14573
18.069536  22515
19.069536  45060
20.069536  69327
21.069536  53185
22.069536  62833
23.069536  36867
24.069536  -30036
25.069536  -17430
26.069536  -25735
27.069536  -56632
28.069536  -15931
29.069536  9885
30.069536  21377
31.069536  68015
32.069536  109640
33.069536  83667
34.069536  -39413
35.069536  -151370
36.069536  -136377
37.069536  -55743
38.069536  -1326
39.069536  39430
40.069536  85289
41.069536  115907
42.069536  118464
43.069536  80571
44.069536  24695
45.069536  10532
46.069536  35151
47.069536  43140
48.069536  10349
49.069536  -51416
50.069536  -111994
51.069536  -113311
52.069536  -54180
53.069536  35076
54.069536  149101
55.069536  177789
56.069536  57903
57.069536  -90406
58.069536  -152630
59.069536  -129597
00.069536  -72661
01.069536  -4575
02.069536  50421
03.069536  86725
04.069536  108129
05.069536  84237
06.069536  43329
07.069536  37724
08.069536  56957
09.069536  69915
10.069536  33174
11.069536  -14108
12.069536  15346
13.069536  66491
14.069536  54544
15.069536  -9377
16.069536  -74171
17.069536  -105854
18.069536  -105234
19.069536  -42583
20.069536  69813
21.069536  113249
22.069536  90729
23.069536  75089
24.069536  29922
25.069536  -14744
26.069536  1079
27.069536  35951
28.069536  44413
29.069536  21712
30.069536  -32198
31.069536  -90115
32.069536  -77680
33.069536  -22570
34.069536  4625
35.069536  34135
36.069536  68863
37.069536  80120
38.069536  32605
39.069536  -73796
40.069536  -121756
41.069536  -61598
42.069536  1834
43.069536  -3925
44.069536  -18971
45.069536  15806
46.069536  37115
47.069536  -10853
48.069536  -47559
49.069536  12617
50.069536  66193
51.069536  7439
52.069536  -53456
53.069536  -55417
54.069536  -47648
55.069536  9357
56.069536  107099
57.069536  160042
58.069536  145414
59.069536  93722
00.069536  53021
01.069536  24482
02.069536  714
03.069536  -16404
04.069536  -36003
05.069536  -40059
06.069536  -41456
07.069536  -57587
08.069536  -74617
09.069536  -85486
10.069536  -75044
11.069536  -43908
12.069536  -19263
13.069536  -12106
14.069536  -3365
15.069536  26884
16.069536  42193
17.069536  9186
18.069536  -12693
19.069536  5402
20.069536  21775
21.069536  25139
22.069536  -10373
23.069536  -83395
24.069536  -103837
25.069536  -34645
26.069536  63530
27.069536  122667
28.069536  122358
29.069536  67418
30.069536  -12929
31.069536  -52788
32.069536  -39451
33.069536  -12675
34.069536  -6122
35.069536  -22868
36.069536  -37285
37.069536  -33211
38.069536  2104
39.069536  34826
40.069536  26104
41.069536  6032
42.069536  -18972
43.069536  -62768
44.069536  -92387
45.069536  -73530
46.069536  -13936
47.069536  48879
48.069536  97967
49.069536  130060
50.069536  122746
51.069536  74846
52.069536  8218
53.069536  -55753
54.069536  -93207
55.069536  -91368
56.069536  -58469
57.069536  -17349
58.069536  13422
59.069536  39373
00.069536  68757
01.069536  84073
02.069536  80624
03.069536  62325
04.069536  15317
05.069536  -33815
06.069536  -42481
07.069536  -10209
08.069536  50537
09.069536  95643
10.069536  84028
11.069536  48894
12.069536  18111
13.069536  -10174
14.069536  -21121
15.069536  -22455
16.069536  -29482
17.069536  -31065
18.069536  -18867
19.069536  25706
20.069536  108997
21.069536  174382
22.069536  185142
23.069536  163552
24.069536  124388
25.069536  94436
26.069536  97633
27.069536  104200
28.069536  114797
29.069536  157768
30.069536  182874
31.069536  148444
32.069536  103331
33.069536  93211
34.069536  101373
35.069536  91997
36.069536  55941
37.069536  519
38.069536  -54944
39.069536  -84975
40.069536  -70926
41.069536  -23802
42.069536  -5812
43.069536  -52937
44.069536  -138343
45.069536  -237514
46.069536  -334460
47.069536  -413732
48.069536  -461693
49.069536  -441798
50.069536  -328538
51.069536  -157921
52.069536  -2813
53.069536  81766
54.069536  92089
55.069536  52393
56.069536  -22621
57.069536  -102025
58.069536  -146207
59.069536  -142037
00.069536  -112281
01.069536  -109568
02.069536  -138914
03.069536  -170250
04.069536  -214000
05.069536  -261540
06.069536  -250144
07.069536  -153041
08.069536  -32315
09.069536  46331
10.069536  92041
11.069536  151695
12.069536  234075
13.069536  304706
14.069536  347084
15.069536  358243
16.069536  336478
17.069536  315398
18.069536  308571
19.069536  284840
20.069536  235226
21.069536  152258
22.069536  44349
23.069536  -46676
24.069536  -107058
25.069536  -145731
26.069536  -191985
27.069536  -246892
28.069536  -259504
29.069536  -223723
30.069536  -170507
31.069536  -128818
32.069536  -127278
33.069536  -152358
34.069536  -149634
35.069536  -83935
36.069536  20125
37.069536  114640
38.069536  168036
39.069536  165797
40.069536  119767
41.069536  70740
42.069536  40748
43.069536  -12762
44.069536  -97717
45.069536  -140361
46.069536  -115178
47.069536  -62893
48.069536  -9949
49.069536  22325
50.069536  5792
51.069536  -48655
52.069536  -91088
53.069536  -88724
54.069536  -46925
55.069536  12562
56.069536  81612
57.069536  160230
58.069536  215816
59.069536  218473
00.069536  187229
01.069536  139091
02.069536  86023
03.069536  70710
04.069536  97999
05.069536  116198
06.069536  117622
07.069536  128745
08.069536  134829
09.069536  108580
10.069536  31559
11.069536  -76561
12.069536  -140236
13.069536  -145212
14.069536  -151606
15.069536  -166264
16.069536  -148616
17.069536  -102120
18.069536  -58670
19.069536  -30285
20.069536  -23740
21.069536  -17604
22.069536  30085
23.069536  103842
24.069536  137723
25.069536  100460
26.069536  23175
27.069536  -52339
28.069536  -86218
29.069536  -62490
30.069536  -18390
31.069536  13437
32.069536  24812
33.069536  19055
34.069536  4579
35.069536  -13056
36.069536  -9389
37.069536  25724
38.069536  56699
39.069536  62186
40.069536  66367
41.069536  76551
42.069536  65269
43.069536  31881
44.069536  -4770
45.069536  -32905
46.069536  -47728
47.069536  -60090
48.069536  -52110
49.069536  -10864
50.069536  9359
51.069536  -11219
52.069536  -23333
53.069536  -13154
54.069536  -11549
55.069536  -24747
56.069536  -33940
57.069536  -44540
58.069536  -69116
59.069536  -90264
00.069536  -74023
01.069536  -14393
02.069536  32669
03.069536  31413
04.069536  25466
05.069536  39882
06.069536  44822
07.069536  26492
08.069536  1039
09.069536  -15846
10.069536  -20174
11.069536  -13614
12.069536  8638
13.069536  47728
14.069536  88971
15.069536  104253
16.069536  75270
17.069536  31921
18.069536  20254
19.069536  33190
20.069536  30019
21.069536  215
22.069536  -36186
23.069536  -49244
24.069536  -6624
25.069536  76512
26.069536  144286
27.069536  168523
28.069536  152504
29.069536  136881
30.069536  156096
31.069536  167806
32.069536  128015
33.069536  53130
34.069536  -29759
35.069536  -103437
36.069536  -152125
37.069536  -167292
38.069536  -148533
39.069536  -103058
40.069536  -41238
41.069536  13992
42.069536  21198
43.069536  -42093
44.069536  -164326
45.069536  -307359
46.069536  -404883
47.069536  -411513
48.069536  -319044
49.069536  -134896
50.069536  78637
51.069536  234714
52.069536  296512
53.069536  261528
54.069536  155263
55.069536  46437
56.069536  -8534
57.069536  -19129
58.069536  -19757
59.069536  -12185
00.069536  23678
01.069536  75440
02.069536  88792
03.069536  32008
04.069536  -69274
