5.324000000000000000e+03
2.198000000000000000e+03
-2.580000000000000000e+02
1.045000000000000000e+03
3.651000000000000000e+03
5.216000000000000000e+03
4.499000000000000000e+03
2.036000000000000000e+03
1.246000000000000000e+03
2.200000000000000000e+03
3.008000000000000000e+03
3.385000000000000000e+03
3.063000000000000000e+03
2.480000000000000000e+03
1.943000000000000000e+03
1.413000000000000000e+03
1.473000000000000000e+03
2.657000000000000000e+03
4.392000000000000000e+03
4.750000000000000000e+03
3.286000000000000000e+03
1.750000000000000000e+03
1.380000000000000000e+03
2.641000000000000000e+03
4.130000000000000000e+03
3.729000000000000000e+03
2.828000000000000000e+03
2.239000000000000000e+03
1.575000000000000000e+03
2.060000000000000000e+03
2.738000000000000000e+03
2.788000000000000000e+03
2.946000000000000000e+03
2.971000000000000000e+03
2.794000000000000000e+03
2.562000000000000000e+03
2.665000000000000000e+03
3.103000000000000000e+03
2.904000000000000000e+03
2.048000000000000000e+03
2.185000000000000000e+03
3.570000000000000000e+03
3.805000000000000000e+03
2.595000000000000000e+03
2.176000000000000000e+03
2.803000000000000000e+03
2.929000000000000000e+03
2.910000000000000000e+03
3.581000000000000000e+03
3.111000000000000000e+03
1.666000000000000000e+03
1.070000000000000000e+03
1.092000000000000000e+03
2.409000000000000000e+03
4.696000000000000000e+03
6.038000000000000000e+03
4.607000000000000000e+03
8.880000000000000000e+02
-5.960000000000000000e+02
5.770000000000000000e+02
6.984000000000000000e+03
1.655900000000000000e+04
1.382600000000000000e+04
7.513000000000000000e+03
8.082000000000000000e+03
1.382300000000000000e+04
4.756800000000000000e+04
7.225000000000000000e+04
5.758700000000000000e+04
2.823500000000000000e+04
-3.516000000000000000e+03
5.440800000000000000e+04
1.190600000000000000e+05
4.065000000000000000e+04
-5.887100000000000000e+04
-1.062220000000000000e+05
-8.002600000000000000e+04
3.704700000000000000e+04
1.295800000000000000e+05
8.746700000000000000e+04
1.077100000000000000e+04
1.540900000000000000e+04
-3.798000000000000000e+03
3.002300000000000000e+04
1.370380000000000000e+05
1.066590000000000000e+05
5.096200000000000000e+04
2.388500000000000000e+04
-1.241700000000000000e+05
-2.649080000000000000e+05
-2.743900000000000000e+05
-1.559730000000000000e+05
-6.235000000000000000e+03
-3.944000000000000000e+03
-1.870400000000000000e+04
7.028900000000000000e+04
7.104500000000000000e+04
-3.743500000000000000e+04
-8.150800000000000000e+04
-3.484700000000000000e+04
3.871000000000000000e+04
7.025700000000000000e+04
4.418200000000000000e+04
3.146300000000000000e+04
9.495000000000000000e+03
-5.244900000000000000e+04
-4.097100000000000000e+04
5.714700000000000000e+04
3.687400000000000000e+04
-5.997400000000000000e+04
-3.757900000000000000e+04
-3.562800000000000000e+04
-5.388900000000000000e+04
-1.214700000000000000e+04
5.722000000000000000e+03
5.659300000000000000e+04
7.578400000000000000e+04
4.961500000000000000e+04
7.671100000000000000e+04
5.976100000000000000e+04
-1.160800000000000000e+04
-8.377100000000000000e+04
-1.290520000000000000e+05
-1.018410000000000000e+05
-4.881400000000000000e+04
9.643000000000000000e+03
7.366400000000000000e+04
8.206500000000000000e+04
3.231000000000000000e+04
1.791000000000000000e+04
1.011400000000000000e+04
-5.413000000000000000e+04
-8.397800000000000000e+04
-8.387600000000000000e+04
-4.813600000000000000e+04
7.584600000000000000e+04
1.187320000000000000e+05
1.025400000000000000e+04
-4.627200000000000000e+04
7.089000000000000000e+03
5.836600000000000000e+04
4.595000000000000000e+04
-1.424800000000000000e+04
-1.394500000000000000e+04
3.145900000000000000e+04
2.023900000000000000e+04
8.008000000000000000e+03
-5.698000000000000000e+03
-9.341200000000000000e+04
-1.158080000000000000e+05
1.154700000000000000e+04
1.179230000000000000e+05
1.065850000000000000e+05
1.592600000000000000e+04
-5.253500000000000000e+04
-4.070200000000000000e+04
-3.638200000000000000e+04
-5.166300000000000000e+04
-8.362000000000000000e+03
1.133400000000000000e+04
-5.079200000000000000e+04
-6.387800000000000000e+04
-8.920000000000000000e+03
4.427800000000000000e+04
9.128900000000000000e+04
1.248900000000000000e+05
1.080820000000000000e+05
4.204600000000000000e+04
6.209500000000000000e+04
1.837000000000000000e+05
1.891260000000000000e+05
2.260200000000000000e+04
-1.086430000000000000e+05
-1.151390000000000000e+05
-9.389600000000000000e+04
-2.442300000000000000e+04
4.332200000000000000e+04
4.732700000000000000e+04
1.036840000000000000e+05
1.080140000000000000e+05
9.409100000000000000e+04
1.527980000000000000e+05
1.451130000000000000e+05
1.304810000000000000e+05
-3.893200000000000000e+04
-3.643330000000000000e+05
-4.745900000000000000e+05
-4.415320000000000000e+05
-3.332520000000000000e+05
-1.607690000000000000e+05
-1.109170000000000000e+05
-3.085900000000000000e+04
7.551500000000000000e+04
7.086300000000000000e+04
7.993900000000000000e+04
8.929700000000000000e+04
1.015270000000000000e+05
1.320380000000000000e+05
1.895510000000000000e+05
3.099920000000000000e+05
2.956710000000000000e+05
1.561740000000000000e+05
1.239630000000000000e+05
7.811600000000000000e+04
-7.241900000000000000e+04
-1.590960000000000000e+05
-1.313830000000000000e+05
-9.022200000000000000e+04
-1.613570000000000000e+05
-2.722950000000000000e+05
-2.708530000000000000e+05
-1.495130000000000000e+05
-1.942600000000000000e+04
5.296000000000000000e+03
-4.911900000000000000e+04
-1.198200000000000000e+05
-1.072100000000000000e+05
9.603000000000000000e+03
9.022400000000000000e+04
9.959100000000000000e+04
1.004560000000000000e+05
1.387370000000000000e+05
1.869150000000000000e+05
1.811060000000000000e+05
1.297280000000000000e+05
3.740000000000000000e+04
-7.417500000000000000e+04
-1.409160000000000000e+05
-1.362950000000000000e+05
-9.673400000000000000e+04
-2.853200000000000000e+04
8.975300000000000000e+04
1.247200000000000000e+05
2.699600000000000000e+04
-2.983000000000000000e+04
-3.645600000000000000e+04
-8.310300000000000000e+04
-1.433040000000000000e+05
-1.269150000000000000e+05
6.959000000000000000e+03
6.670400000000000000e+04
-1.843800000000000000e+04
-5.888800000000000000e+04
-6.823000000000000000e+03
6.079600000000000000e+04
1.060710000000000000e+05
1.746640000000000000e+05
1.874210000000000000e+05
6.479200000000000000e+04
-4.761900000000000000e+04
-1.071080000000000000e+05
-9.672000000000000000e+04
-1.457300000000000000e+04
2.251500000000000000e+04
4.506000000000000000e+04
6.932700000000000000e+04
5.318500000000000000e+04
6.283300000000000000e+04
3.686700000000000000e+04
-3.003600000000000000e+04
-1.743000000000000000e+04
-2.573500000000000000e+04
-5.663200000000000000e+04
-1.593100000000000000e+04
9.885000000000000000e+03
2.137700000000000000e+04
6.801500000000000000e+04
1.096400000000000000e+05
8.366700000000000000e+04
-3.941300000000000000e+04
-1.513700000000000000e+05
-1.363770000000000000e+05
-5.574300000000000000e+04
-1.326000000000000000e+03
3.943000000000000000e+04
8.528900000000000000e+04
1.159070000000000000e+05
1.184640000000000000e+05
8.057100000000000000e+04
2.469500000000000000e+04
1.053200000000000000e+04
3.515100000000000000e+04
4.314000000000000000e+04
1.034900000000000000e+04
-5.141600000000000000e+04
-1.119940000000000000e+05
-1.133110000000000000e+05
-5.418000000000000000e+04
3.507600000000000000e+04
1.491010000000000000e+05
1.777890000000000000e+05
5.790300000000000000e+04
-9.040600000000000000e+04
-1.526300000000000000e+05
-1.295970000000000000e+05
-7.266100000000000000e+04
-4.575000000000000000e+03
5.042100000000000000e+04
8.672500000000000000e+04
1.081290000000000000e+05
8.423700000000000000e+04
4.332900000000000000e+04
3.772400000000000000e+04
5.695700000000000000e+04
6.991500000000000000e+04
3.317400000000000000e+04
-1.410800000000000000e+04
1.534600000000000000e+04
6.649100000000000000e+04
5.454400000000000000e+04
-9.377000000000000000e+03
-7.417100000000000000e+04
-1.058540000000000000e+05
-1.052340000000000000e+05
-4.258300000000000000e+04
6.981300000000000000e+04
1.132490000000000000e+05
9.072900000000000000e+04
7.508900000000000000e+04
2.992200000000000000e+04
-1.474400000000000000e+04
1.079000000000000000e+03
3.595100000000000000e+04
4.441300000000000000e+04
2.171200000000000000e+04
-3.219800000000000000e+04
-9.011500000000000000e+04
-7.768000000000000000e+04
-2.257000000000000000e+04
4.625000000000000000e+03
3.413500000000000000e+04
6.886300000000000000e+04
8.012000000000000000e+04
3.260500000000000000e+04
-7.379600000000000000e+04
-1.217560000000000000e+05
-6.159800000000000000e+04
1.834000000000000000e+03
-3.925000000000000000e+03
-1.897100000000000000e+04
1.580600000000000000e+04
3.711500000000000000e+04
-1.085300000000000000e+04
-4.755900000000000000e+04
1.261700000000000000e+04
6.619300000000000000e+04
7.439000000000000000e+03
-5.345600000000000000e+04
-5.541700000000000000e+04
-4.764800000000000000e+04
9.357000000000000000e+03
1.070990000000000000e+05
1.600420000000000000e+05
1.454140000000000000e+05
9.372200000000000000e+04
5.302100000000000000e+04
2.448200000000000000e+04
7.140000000000000000e+02
-1.640400000000000000e+04
-3.600300000000000000e+04
-4.005900000000000000e+04
-4.145600000000000000e+04
-5.758700000000000000e+04
-7.461700000000000000e+04
-8.548600000000000000e+04
-7.504400000000000000e+04
-4.390800000000000000e+04
-1.926300000000000000e+04
-1.210600000000000000e+04
-3.365000000000000000e+03
2.688400000000000000e+04
4.219300000000000000e+04
9.186000000000000000e+03
-1.269300000000000000e+04
5.402000000000000000e+03
2.177500000000000000e+04
2.513900000000000000e+04
-1.037300000000000000e+04
-8.339500000000000000e+04
-1.038370000000000000e+05
-3.464500000000000000e+04
6.353000000000000000e+04
1.226670000000000000e+05
1.223580000000000000e+05
6.741800000000000000e+04
-1.292900000000000000e+04
-5.278800000000000000e+04
-3.945100000000000000e+04
-1.267500000000000000e+04
-6.122000000000000000e+03
-2.286800000000000000e+04
-3.728500000000000000e+04
-3.321100000000000000e+04
2.104000000000000000e+03
3.482600000000000000e+04
2.610400000000000000e+04
6.032000000000000000e+03
-1.897200000000000000e+04
-6.276800000000000000e+04
-9.238700000000000000e+04
-7.353000000000000000e+04
-1.393600000000000000e+04
4.887900000000000000e+04
9.796700000000000000e+04
1.300600000000000000e+05
1.227460000000000000e+05
7.484600000000000000e+04
8.218000000000000000e+03
-5.575300000000000000e+04
-9.320700000000000000e+04
-9.136800000000000000e+04
-5.846900000000000000e+04
-1.734900000000000000e+04
1.342200000000000000e+04
3.937300000000000000e+04
6.875700000000000000e+04
8.407300000000000000e+04
8.062400000000000000e+04
6.232500000000000000e+04
1.531700000000000000e+04
-3.381500000000000000e+04
-4.248100000000000000e+04
-1.020900000000000000e+04
5.053700000000000000e+04
9.564300000000000000e+04
8.402800000000000000e+04
4.889400000000000000e+04
1.811100000000000000e+04
-1.017400000000000000e+04
-2.112100000000000000e+04
-2.245500000000000000e+04
-2.948200000000000000e+04
-3.106500000000000000e+04
-1.886700000000000000e+04
2.570600000000000000e+04
1.089970000000000000e+05
1.743820000000000000e+05
1.851420000000000000e+05
1.635520000000000000e+05
1.243880000000000000e+05
9.443600000000000000e+04
9.763300000000000000e+04
1.042000000000000000e+05
1.147970000000000000e+05
1.577680000000000000e+05
1.828740000000000000e+05
1.484440000000000000e+05
1.033310000000000000e+05
9.321100000000000000e+04
1.013730000000000000e+05
9.199700000000000000e+04
5.594100000000000000e+04
5.190000000000000000e+02
-5.494400000000000000e+04
-8.497500000000000000e+04
-7.092600000000000000e+04
-2.380200000000000000e+04
-5.812000000000000000e+03
-5.293700000000000000e+04
-1.383430000000000000e+05
-2.375140000000000000e+05
-3.344600000000000000e+05
-4.137320000000000000e+05
-4.616930000000000000e+05
-4.417980000000000000e+05
-3.285380000000000000e+05
-1.579210000000000000e+05
-2.813000000000000000e+03
8.176600000000000000e+04
9.208900000000000000e+04
5.239300000000000000e+04
-2.262100000000000000e+04
-1.020250000000000000e+05
-1.462070000000000000e+05
-1.420370000000000000e+05
-1.122810000000000000e+05
-1.095680000000000000e+05
-1.389140000000000000e+05
-1.702500000000000000e+05
-2.140000000000000000e+05
-2.615400000000000000e+05
-2.501440000000000000e+05
-1.530410000000000000e+05
-3.231500000000000000e+04
4.633100000000000000e+04
9.204100000000000000e+04
1.516950000000000000e+05
2.340750000000000000e+05
3.047060000000000000e+05
3.470840000000000000e+05
3.582430000000000000e+05
3.364780000000000000e+05
3.153980000000000000e+05
3.085710000000000000e+05
2.848400000000000000e+05
2.352260000000000000e+05
1.522580000000000000e+05
4.434900000000000000e+04
-4.667600000000000000e+04
-1.070580000000000000e+05
-1.457310000000000000e+05
-1.919850000000000000e+05
-2.468920000000000000e+05
-2.595040000000000000e+05
-2.237230000000000000e+05
-1.705070000000000000e+05
-1.288180000000000000e+05
-1.272780000000000000e+05
-1.523580000000000000e+05
-1.496340000000000000e+05
-8.393500000000000000e+04
2.012500000000000000e+04
1.146400000000000000e+05
1.680360000000000000e+05
1.657970000000000000e+05
1.197670000000000000e+05
7.074000000000000000e+04
4.074800000000000000e+04
-1.276200000000000000e+04
-9.771700000000000000e+04
-1.403610000000000000e+05
-1.151780000000000000e+05
-6.289300000000000000e+04
-9.949000000000000000e+03
2.232500000000000000e+04
5.792000000000000000e+03
-4.865500000000000000e+04
-9.108800000000000000e+04
-8.872400000000000000e+04
-4.692500000000000000e+04
1.256200000000000000e+04
8.161200000000000000e+04
1.602300000000000000e+05
2.158160000000000000e+05
2.184730000000000000e+05
1.872290000000000000e+05
1.390910000000000000e+05
8.602300000000000000e+04
7.071000000000000000e+04
9.799900000000000000e+04
1.161980000000000000e+05
1.176220000000000000e+05
1.287450000000000000e+05
1.348290000000000000e+05
1.085800000000000000e+05
3.155900000000000000e+04
-7.656100000000000000e+04
-1.402360000000000000e+05
-1.452120000000000000e+05
-1.516060000000000000e+05
-1.662640000000000000e+05
-1.486160000000000000e+05
-1.021200000000000000e+05
-5.867000000000000000e+04
-3.028500000000000000e+04
-2.374000000000000000e+04
-1.760400000000000000e+04
3.008500000000000000e+04
1.038420000000000000e+05
1.377230000000000000e+05
1.004600000000000000e+05
2.317500000000000000e+04
-5.233900000000000000e+04
-8.621800000000000000e+04
-6.249000000000000000e+04
-1.839000000000000000e+04
1.343700000000000000e+04
2.481200000000000000e+04
1.905500000000000000e+04
4.579000000000000000e+03
-1.305600000000000000e+04
-9.389000000000000000e+03
2.572400000000000000e+04
5.669900000000000000e+04
6.218600000000000000e+04
6.636700000000000000e+04
7.655100000000000000e+04
6.526900000000000000e+04
3.188100000000000000e+04
-4.770000000000000000e+03
-3.290500000000000000e+04
-4.772800000000000000e+04
-6.009000000000000000e+04
-5.211000000000000000e+04
-1.086400000000000000e+04
9.359000000000000000e+03
-1.121900000000000000e+04
-2.333300000000000000e+04
-1.315400000000000000e+04
-1.154900000000000000e+04
-2.474700000000000000e+04
-3.394000000000000000e+04
-4.454000000000000000e+04
-6.911600000000000000e+04
-9.026400000000000000e+04
-7.402300000000000000e+04
-1.439300000000000000e+04
3.266900000000000000e+04
3.141300000000000000e+04
2.546600000000000000e+04
3.988200000000000000e+04
4.482200000000000000e+04
2.649200000000000000e+04
1.039000000000000000e+03
-1.584600000000000000e+04
-2.017400000000000000e+04
-1.361400000000000000e+04
8.638000000000000000e+03
4.772800000000000000e+04
8.897100000000000000e+04
1.042530000000000000e+05
7.527000000000000000e+04
3.192100000000000000e+04
2.025400000000000000e+04
3.319000000000000000e+04
3.001900000000000000e+04
2.150000000000000000e+02
-3.618600000000000000e+04
-4.924400000000000000e+04
-6.624000000000000000e+03
7.651200000000000000e+04
1.442860000000000000e+05
1.685230000000000000e+05
1.525040000000000000e+05
1.368810000000000000e+05
1.560960000000000000e+05
1.678060000000000000e+05
1.280150000000000000e+05
5.313000000000000000e+04
-2.975900000000000000e+04
-1.034370000000000000e+05
-1.521250000000000000e+05
-1.672920000000000000e+05
-1.485330000000000000e+05
-1.030580000000000000e+05
-4.123800000000000000e+04
1.399200000000000000e+04
2.119800000000000000e+04
-4.209300000000000000e+04
-1.643260000000000000e+05
-3.073590000000000000e+05
-4.048830000000000000e+05
-4.115130000000000000e+05
-3.190440000000000000e+05
-1.348960000000000000e+05
7.863700000000000000e+04
2.347140000000000000e+05
2.965120000000000000e+05
2.615280000000000000e+05
1.552630000000000000e+05
4.643700000000000000e+04
-8.534000000000000000e+03
-1.912900000000000000e+04
-1.975700000000000000e+04
-1.218500000000000000e+04
2.367800000000000000e+04
7.544000000000000000e+04
8.879200000000000000e+04
3.200800000000000000e+04
-6.927400000000000000e+04
