#TIMESERIES CU_TGUH_00_LHZ_M, 660 samples, 1 sps, 2020-01-28T19:11:45.000000, TSPAIR, INTEGER, 
45.000000  1231
46.000000  1268
47.000000  1319
48.000000  1074
49.000000  1096
50.000000  1609
51.000000  1691
52.000000  1293
53.000000  1407
54.000000  1737
55.000000  1553
56.000000  1157
57.000000  1145
58.000000  1568
59.000000  1579
00.000000  1169
01.000000  918
02.000000  1124
03.000000  1694
04.000000  1747
05.000000  1635
06.000000  1619
07.000000  1221
08.000000  816
09.000000  885
10.000000  1479
11.000000  1915
12.000000  1706
13.000000  1311
14.000000  1093
15.000000  952
16.000000  1130
17.000000  1539
18.000000  1773
19.000000  1807
20.000000  1526
21.000000  1063
22.000000  758
23.000000  1069
24.000000  1703
25.000000  1867
26.000000  1676
27.000000  1252
28.000000  1164
29.000000  1645
30.000000  1459
31.000000  849
32.000000  873
33.000000  1211
34.000000  1352
35.000000  1256
36.000000  1126
37.000000  867
38.000000  1057
39.000000  848
40.000000  -80
41.000000  1883
42.000000  -131
43.000000  -45
44.000000  -81
45.000000  -23415
46.000000  -40646
47.000000  -103923
48.000000  -166722
49.000000  -147840
50.000000  -280589
51.000000  -320212
52.000000  -117570
53.000000  -185487
54.000000  -243912
55.000000  -32722
56.000000  55783
57.000000  22432
58.000000  -36390
59.000000  -167304
00.000000  -387400
01.000000  -535676
02.000000  -395287
03.000000  -12551
04.000000  374023
05.000000  666129
06.000000  938265
07.000000  1047637
08.000000  823052
09.000000  482498
10.000000  209102
11.000000  -8605
12.000000  39395
13.000000  341033
14.000000  690882
15.000000  862499
16.000000  718661
17.000000  410028
18.000000  -24509
19.000000  -341571
20.000000  -487741
21.000000  -446205
22.000000  -178602
23.000000  -3304
24.000000  -10847
25.000000  -271670
26.000000  -506379
27.000000  -736204
28.000000  -861608
29.000000  -565156
30.000000  -405977
31.000000  -306562
32.000000  -238277
33.000000  -132811
34.000000  162205
35.000000  152617
36.000000  291475
37.000000  421338
38.000000  257020
39.000000  275364
40.000000  167083
41.000000  91870
42.000000  162735
43.000000  139943
44.000000  190893
45.000000  206844
46.000000  -14648
47.000000  -314889
48.000000  -374623
49.000000  -293180
50.000000  -241191
51.000000  -68396
52.000000  25420
53.000000  -92186
54.000000  -26588
55.000000  -12898
56.000000  -186187
57.000000  -121269
58.000000  -112929
59.000000  -192870
00.000000  -45158
01.000000  58423
02.000000  70170
03.000000  53414
04.000000  47166
05.000000  95981
06.000000  40640
07.000000  38242
08.000000  130000
09.000000  182103
10.000000  212186
11.000000  204152
12.000000  240526
13.000000  164327
14.000000  -62060
15.000000  -162374
16.000000  -232881
17.000000  -270123
18.000000  -305334
19.000000  -304955
20.000000  -167090
21.000000  -152830
22.000000  -12360
23.000000  130699
24.000000  50527
25.000000  153365
26.000000  226151
27.000000  160608
28.000000  126953
29.000000  74646
30.000000  34751
31.000000  -105038
32.000000  -92365
33.000000  119725
34.000000  78652
35.000000  14241
36.000000  43324
37.000000  -25658
38.000000  -82261
39.000000  -106038
40.000000  -119782
41.000000  -29942
42.000000  49581
43.000000  65101
44.000000  174578
45.000000  104015
46.000000  -133178
47.000000  -159484
48.000000  -53013
49.000000  41867
50.000000  130452
51.000000  273784
52.000000  549159
53.000000  770736
54.000000  824672
55.000000  788360
56.000000  551970
57.000000  309010
58.000000  116162
59.000000  -112980
00.000000  -279354
01.000000  -439286
02.000000  -337122
03.000000  -21558
04.000000  -207207
05.000000  -655769
06.000000  -728453
07.000000  -822357
08.000000  -766975
09.000000  -414659
10.000000  -317176
11.000000  -208077
12.000000  -383245
13.000000  -991154
14.000000  -1037335
15.000000  -1067109
16.000000  -935537
17.000000  -325000
18.000000  -536162
19.000000  -1060237
20.000000  -1729294
21.000000  -2703654
22.000000  -3272769
23.000000  -3336145
24.000000  -2798026
25.000000  -1986868
26.000000  -1485830
27.000000  -1175986
28.000000  -525269
29.000000  259859
30.000000  1399401
31.000000  3179580
32.000000  4812590
33.000000  6174061
34.000000  6982928
35.000000  6808453
36.000000  6366656
37.000000  5736552
38.000000  4937999
39.000000  4310051
40.000000  3224642
41.000000  1783780
42.000000  -285181
43.000000  -2957886
44.000000  -4932691
45.000000  -6747276
46.000000  -7898905
47.000000  -7889356
48.000000  -7505803
49.000000  -5757407
50.000000  -3279298
51.000000  -411577
52.000000  3021288
53.000000  5688754
54.000000  7885516
55.000000  9349732
56.000000  9478004
57.000000  8285422
58.000000  5619382
59.000000  2080803
00.000000  -1673267
01.000000  -4741594
02.000000  -6717160
03.000000  -7957283
04.000000  -8493524
05.000000  -8079236
06.000000  -6758944
07.000000  -4763597
08.000000  -2273711
09.000000  65331
10.000000  2020736
11.000000  3722028
12.000000  5249583
13.000000  7063039
14.000000  8382941
15.000000  7874144
16.000000  5491350
17.000000  1090394
18.000000  -4208808
19.000000  -7911106
20.000000  -9143298
21.000000  -7630744
22.000000  -4320791
23.000000  -916436
24.000000  1916493
25.000000  2270687
26.000000  -204620
27.000000  -2337101
28.000000  -2161062
29.000000  328800
30.000000  4037766
31.000000  7273936
32.000000  8845166
33.000000  7105676
34.000000  2000905
35.000000  -3947475
36.000000  -8144605
37.000000  -8592780
38.000000  -5462086
39.000000  -891785
40.000000  3286762
41.000000  5114642
42.000000  3217125
43.000000  -1248066
44.000000  -5463588
45.000000  -6739809
46.000000  -3872517
47.000000  1606966
48.000000  6813421
49.000000  8938537
50.000000  6484291
51.000000  812189
52.000000  -4860221
53.000000  -7238305
54.000000  -5556089
55.000000  -1554865
56.000000  2088173
57.000000  3627567
58.000000  3214300
59.000000  1312393
00.000000  -621736
01.000000  -1391863
02.000000  -1238842
03.000000  -736769
04.000000  -366225
05.000000  -246945
06.000000  -152808
07.000000  38548
08.000000  -105196
09.000000  -246619
10.000000  -9234
11.000000  473289
12.000000  1053636
13.000000  1734171
14.000000  2950687
15.000000  3579234
16.000000  2382818
17.000000  -81814
18.000000  -2523349
19.000000  -3916511
20.000000  -4140347
21.000000  -3244128
22.000000  -1734711
23.000000  -146040
24.000000  979799
25.000000  1052336
26.000000  1333413
27.000000  2093963
28.000000  2299854
29.000000  2490086
30.000000  2583980
31.000000  2196480
32.000000  893376
33.000000  -1524938
34.000000  -3523661
35.000000  -4472737
36.000000  -4449902
37.000000  -3449017
38.000000  -2027906
39.000000  9757
40.000000  2185582
41.000000  3283116
42.000000  3630806
43.000000  3465178
44.000000  3006151
45.000000  2526205
46.000000  1327601
47.000000  183794
48.000000  -579225
49.000000  -2167221
50.000000  -4269669
51.000000  -5556017
52.000000  -5197561
53.000000  -3259093
54.000000  -551450
55.000000  2170641
56.000000  4614441
57.000000  5535948
58.000000  4603900
59.000000  3483904
00.000000  2363633
01.000000  517730
02.000000  -2058944
03.000000  -4351151
04.000000  -5322321
05.000000  -5041221
06.000000  -3233774
07.000000  -530826
08.000000  1359750
09.000000  2205510
10.000000  2570555
11.000000  2847611
12.000000  2953033
13.000000  2366363
14.000000  1049351
15.000000  -158490
16.000000  -176881
17.000000  151832
18.000000  -432352
19.000000  -1216295
20.000000  -1750360
21.000000  -2129661
22.000000  -1987879
23.000000  -1103882
24.000000  -68475
25.000000  217323
26.000000  -262453
27.000000  -1205407
28.000000  -1670092
29.000000  -724876
30.000000  887651
31.000000  2056529
32.000000  2578876
33.000000  2862481
34.000000  2885876
35.000000  2239395
36.000000  1549062
37.000000  1345827
38.000000  554544
39.000000  -1330166
40.000000  -3820301
41.000000  -5804758
42.000000  -5759929
43.000000  -3865235
44.000000  -987165
45.000000  1760218
46.000000  3184590
47.000000  3619839
48.000000  3641036
49.000000  3153118
50.000000  1750889
51.000000  -377580
52.000000  -1777747
53.000000  -1729855
54.000000  -885387
55.000000  198093
56.000000  447644
57.000000  -687510
58.000000  -1572501
59.000000  -1233768
00.000000  -554879
01.000000  -50383
02.000000  -11634
03.000000  -729597
04.000000  -1474393
05.000000  -1188160
06.000000  725745
07.000000  3304167
08.000000  4670800
09.000000  4237835
10.000000  2044567
11.000000  -732205
12.000000  -2439783
13.000000  -3210803
14.000000  -3132738
15.000000  -2182401
16.000000  -1417409
17.000000  -1119385
18.000000  -768080
19.000000  -352803
20.000000  185542
21.000000  1151499
22.000000  2473698
23.000000  3494122
24.000000  3295743
25.000000  1808437
26.000000  342958
27.000000  -243384
28.000000  -818055
29.000000  -2015629
30.000000  -2940896
31.000000  -2517616
32.000000  -1387119
33.000000  -1009996
34.000000  -1003331
35.000000  -22435
36.000000  1511213
37.000000  1897358
38.000000  1167055
39.000000  1099755
40.000000  2007344
41.000000  2343157
42.000000  1160689
43.000000  -1039044
44.000000  -2839318
45.000000  -2847783
46.000000  -1189221
47.000000  345089
48.000000  126307
49.000000  -1243045
50.000000  -1753535
51.000000  -691790
52.000000  1442074
53.000000  3426734
54.000000  3725783
55.000000  2357174
56.000000  455361
57.000000  -947099
58.000000  -1471449
59.000000  -1780859
00.000000  -2347109
01.000000  -2667332
02.000000  -2098189
03.000000  -594194
04.000000  1111522
05.000000  2255900
06.000000  2716005
07.000000  2459048
08.000000  1635664
09.000000  354626
10.000000  -1493553
11.000000  -3016947
12.000000  -2631711
13.000000  -286528
14.000000  2162056
15.000000  2899634
16.000000  1202483
17.000000  -1897372
18.000000  -4244370
19.000000  -4039255
20.000000  -744265
21.000000  3351027
22.000000  5292475
23.000000  4709984
24.000000  2474621
25.000000  -534269
26.000000  -3379790
27.000000  -4907920
28.000000  -3926979
29.000000  -1153982
30.000000  1295437
31.000000  2204227
32.000000  1365179
33.000000  -411462
34.000000  -1534607
35.000000  -966843
36.000000  700510
37.000000  2053855
38.000000  2245333
39.000000  1032658
40.000000  -544553
41.000000  -795974
42.000000  66940
43.000000  489444
44.000000  -2851
45.000000  -681638
46.000000  -907614
47.000000  -631134
48.000000  -244767
49.000000  -277128
50.000000  -773308
51.000000  -1093564
52.000000  -427546
53.000000  959900
54.000000  1655109
55.000000  1135473
56.000000  237159
57.000000  -52812
58.000000  464090
59.000000  864532
00.000000  431900
01.000000  -462623
02.000000  -1231222
03.000000  -1549357
04.000000  -1296332
05.000000  -371596
06.000000  1141307
07.000000  2286697
08.000000  1984725
09.000000  507279
10.000000  -1053136
11.000000  -2370228
12.000000  -2903495
13.000000  -1547672
14.000000  788945
15.000000  2198719
16.000000  2400163
17.000000  1821918
18.000000  412130
19.000000  -1118355
20.000000  -1253027
21.000000  -213380
22.000000  336500
23.000000  -302305
24.000000  -1483787
25.000000  -2060061
26.000000  -1356109
27.000000  362475
28.000000  1998543
29.000000  2441408
30.000000  1796055
31.000000  863050
32.000000  -124192
33.000000  -1208206
34.000000  -1939989
35.000000  -1700851
36.000000  -622575
37.000000  520166
38.000000  945910
39.000000  239781
40.000000  -795761
41.000000  -654640
42.000000  614537
43.000000  1655734
44.000000  1765872
45.000000  1145608
46.000000  403267
47.000000  -317845
48.000000  -1305118
49.000000  -2256841
50.000000  -2656747
51.000000  -1906320
52.000000  252728
53.000000  2447904
54.000000  2993446
55.000000  1648522
56.000000  -534948
57.000000  -1730353
58.000000  -822742
59.000000  1349431
00.000000  2686660
01.000000  1621820
02.000000  -1109419
03.000000  -3284053
04.000000  -3692338
05.000000  -2482404
06.000000  -481686
07.000000  1403786
08.000000  2934338
09.000000  3871956
10.000000  3343780
11.000000  1019907
12.000000  -1770703
13.000000  -3126702
14.000000  -2634556
15.000000  -1393406
16.000000  -469941
17.000000  -72944
18.000000  273381
19.000000  844812
20.000000  1186494
21.000000  937277
22.000000  462404
23.000000  303108
24.000000  535177
25.000000  713103
26.000000  501193
27.000000  66643
28.000000  -487679
29.000000  -1321923
30.000000  -2285447
31.000000  -2628257
32.000000  -1696625
33.000000  112051
34.000000  1809013
35.000000  2700209
36.000000  2408491
37.000000  1211646
38.000000  152072
39.000000  -193767
40.000000  -142814
41.000000  -87380
42.000000  -417566
43.000000  -1250861
44.000000  -2010341
