1.231000000000000000e+03
1.268000000000000000e+03
1.319000000000000000e+03
1.074000000000000000e+03
1.096000000000000000e+03
1.609000000000000000e+03
1.691000000000000000e+03
1.293000000000000000e+03
1.407000000000000000e+03
1.737000000000000000e+03
1.553000000000000000e+03
1.157000000000000000e+03
1.145000000000000000e+03
1.568000000000000000e+03
1.579000000000000000e+03
1.169000000000000000e+03
9.180000000000000000e+02
1.124000000000000000e+03
1.694000000000000000e+03
1.747000000000000000e+03
1.635000000000000000e+03
1.619000000000000000e+03
1.221000000000000000e+03
8.160000000000000000e+02
8.850000000000000000e+02
1.479000000000000000e+03
1.915000000000000000e+03
1.706000000000000000e+03
1.311000000000000000e+03
1.093000000000000000e+03
9.520000000000000000e+02
1.130000000000000000e+03
1.539000000000000000e+03
1.773000000000000000e+03
1.807000000000000000e+03
1.526000000000000000e+03
1.063000000000000000e+03
7.580000000000000000e+02
1.069000000000000000e+03
1.703000000000000000e+03
1.867000000000000000e+03
1.676000000000000000e+03
1.252000000000000000e+03
1.164000000000000000e+03
1.645000000000000000e+03
1.459000000000000000e+03
8.490000000000000000e+02
8.730000000000000000e+02
1.211000000000000000e+03
1.352000000000000000e+03
1.256000000000000000e+03
1.126000000000000000e+03
8.670000000000000000e+02
1.057000000000000000e+03
8.480000000000000000e+02
-8.000000000000000000e+01
1.883000000000000000e+03
-1.310000000000000000e+02
-4.500000000000000000e+01
-8.100000000000000000e+01
-2.341500000000000000e+04
-4.064600000000000000e+04
-1.039230000000000000e+05
-1.667220000000000000e+05
-1.478400000000000000e+05
-2.805890000000000000e+05
-3.202120000000000000e+05
-1.175700000000000000e+05
-1.854870000000000000e+05
-2.439120000000000000e+05
-3.272200000000000000e+04
5.578300000000000000e+04
2.243200000000000000e+04
-3.639000000000000000e+04
-1.673040000000000000e+05
-3.874000000000000000e+05
-5.356760000000000000e+05
-3.952870000000000000e+05
-1.255100000000000000e+04
3.740230000000000000e+05
6.661290000000000000e+05
9.382650000000000000e+05
1.047637000000000000e+06
8.230520000000000000e+05
4.824980000000000000e+05
2.091020000000000000e+05
-8.605000000000000000e+03
3.939500000000000000e+04
3.410330000000000000e+05
6.908820000000000000e+05
8.624990000000000000e+05
7.186610000000000000e+05
4.100280000000000000e+05
-2.450900000000000000e+04
-3.415710000000000000e+05
-4.877410000000000000e+05
-4.462050000000000000e+05
-1.786020000000000000e+05
-3.304000000000000000e+03
-1.084700000000000000e+04
-2.716700000000000000e+05
-5.063790000000000000e+05
-7.362040000000000000e+05
-8.616080000000000000e+05
-5.651560000000000000e+05
-4.059770000000000000e+05
-3.065620000000000000e+05
-2.382770000000000000e+05
-1.328110000000000000e+05
1.622050000000000000e+05
1.526170000000000000e+05
2.914750000000000000e+05
4.213380000000000000e+05
2.570200000000000000e+05
2.753640000000000000e+05
1.670830000000000000e+05
9.187000000000000000e+04
1.627350000000000000e+05
1.399430000000000000e+05
1.908930000000000000e+05
2.068440000000000000e+05
-1.464800000000000000e+04
-3.148890000000000000e+05
-3.746230000000000000e+05
-2.931800000000000000e+05
-2.411910000000000000e+05
-6.839600000000000000e+04
2.542000000000000000e+04
-9.218600000000000000e+04
-2.658800000000000000e+04
-1.289800000000000000e+04
-1.861870000000000000e+05
-1.212690000000000000e+05
-1.129290000000000000e+05
-1.928700000000000000e+05
-4.515800000000000000e+04
5.842300000000000000e+04
7.017000000000000000e+04
5.341400000000000000e+04
4.716600000000000000e+04
9.598100000000000000e+04
4.064000000000000000e+04
3.824200000000000000e+04
1.300000000000000000e+05
1.821030000000000000e+05
2.121860000000000000e+05
2.041520000000000000e+05
2.405260000000000000e+05
1.643270000000000000e+05
-6.206000000000000000e+04
-1.623740000000000000e+05
-2.328810000000000000e+05
-2.701230000000000000e+05
-3.053340000000000000e+05
-3.049550000000000000e+05
-1.670900000000000000e+05
-1.528300000000000000e+05
-1.236000000000000000e+04
1.306990000000000000e+05
5.052700000000000000e+04
1.533650000000000000e+05
2.261510000000000000e+05
1.606080000000000000e+05
1.269530000000000000e+05
7.464600000000000000e+04
3.475100000000000000e+04
-1.050380000000000000e+05
-9.236500000000000000e+04
1.197250000000000000e+05
7.865200000000000000e+04
1.424100000000000000e+04
4.332400000000000000e+04
-2.565800000000000000e+04
-8.226100000000000000e+04
-1.060380000000000000e+05
-1.197820000000000000e+05
-2.994200000000000000e+04
4.958100000000000000e+04
6.510100000000000000e+04
1.745780000000000000e+05
1.040150000000000000e+05
-1.331780000000000000e+05
-1.594840000000000000e+05
-5.301300000000000000e+04
4.186700000000000000e+04
1.304520000000000000e+05
2.737840000000000000e+05
5.491590000000000000e+05
7.707360000000000000e+05
8.246720000000000000e+05
7.883600000000000000e+05
5.519700000000000000e+05
3.090100000000000000e+05
1.161620000000000000e+05
-1.129800000000000000e+05
-2.793540000000000000e+05
-4.392860000000000000e+05
-3.371220000000000000e+05
-2.155800000000000000e+04
-2.072070000000000000e+05
-6.557690000000000000e+05
-7.284530000000000000e+05
-8.223570000000000000e+05
-7.669750000000000000e+05
-4.146590000000000000e+05
-3.171760000000000000e+05
-2.080770000000000000e+05
-3.832450000000000000e+05
-9.911540000000000000e+05
-1.037335000000000000e+06
-1.067109000000000000e+06
-9.355370000000000000e+05
-3.250000000000000000e+05
-5.361620000000000000e+05
-1.060237000000000000e+06
-1.729294000000000000e+06
-2.703654000000000000e+06
-3.272769000000000000e+06
-3.336145000000000000e+06
-2.798026000000000000e+06
-1.986868000000000000e+06
-1.485830000000000000e+06
-1.175986000000000000e+06
-5.252690000000000000e+05
2.598590000000000000e+05
1.399401000000000000e+06
3.179580000000000000e+06
4.812590000000000000e+06
6.174061000000000000e+06
6.982928000000000000e+06
6.808453000000000000e+06
6.366656000000000000e+06
5.736552000000000000e+06
4.937999000000000000e+06
4.310051000000000000e+06
3.224642000000000000e+06
1.783780000000000000e+06
-2.851810000000000000e+05
-2.957886000000000000e+06
-4.932691000000000000e+06
-6.747276000000000000e+06
-7.898905000000000000e+06
-7.889356000000000000e+06
-7.505803000000000000e+06
-5.757407000000000000e+06
-3.279298000000000000e+06
-4.115770000000000000e+05
3.021288000000000000e+06
5.688754000000000000e+06
7.885516000000000000e+06
9.349732000000000000e+06
9.478004000000000000e+06
8.285422000000000000e+06
5.619382000000000000e+06
2.080803000000000000e+06
-1.673267000000000000e+06
-4.741594000000000000e+06
-6.717160000000000000e+06
-7.957283000000000000e+06
-8.493524000000000000e+06
-8.079236000000000000e+06
-6.758944000000000000e+06
-4.763597000000000000e+06
-2.273711000000000000e+06
6.533100000000000000e+04
2.020736000000000000e+06
3.722028000000000000e+06
5.249583000000000000e+06
7.063039000000000000e+06
8.382941000000000000e+06
7.874144000000000000e+06
5.491350000000000000e+06
1.090394000000000000e+06
-4.208808000000000000e+06
-7.911106000000000000e+06
-9.143298000000000000e+06
-7.630744000000000000e+06
-4.320791000000000000e+06
-9.164360000000000000e+05
1.916493000000000000e+06
2.270687000000000000e+06
-2.046200000000000000e+05
-2.337101000000000000e+06
-2.161062000000000000e+06
3.288000000000000000e+05
4.037766000000000000e+06
7.273936000000000000e+06
8.845166000000000000e+06
7.105676000000000000e+06
2.000905000000000000e+06
-3.947475000000000000e+06
-8.144605000000000000e+06
-8.592780000000000000e+06
-5.462086000000000000e+06
-8.917850000000000000e+05
3.286762000000000000e+06
5.114642000000000000e+06
3.217125000000000000e+06
-1.248066000000000000e+06
-5.463588000000000000e+06
-6.739809000000000000e+06
-3.872517000000000000e+06
1.606966000000000000e+06
6.813421000000000000e+06
8.938537000000000000e+06
6.484291000000000000e+06
8.121890000000000000e+05
-4.860221000000000000e+06
-7.238305000000000000e+06
-5.556089000000000000e+06
-1.554865000000000000e+06
2.088173000000000000e+06
3.627567000000000000e+06
3.214300000000000000e+06
1.312393000000000000e+06
-6.217360000000000000e+05
-1.391863000000000000e+06
-1.238842000000000000e+06
-7.367690000000000000e+05
-3.662250000000000000e+05
-2.469450000000000000e+05
-1.528080000000000000e+05
3.854800000000000000e+04
-1.051960000000000000e+05
-2.466190000000000000e+05
-9.234000000000000000e+03
4.732890000000000000e+05
1.053636000000000000e+06
1.734171000000000000e+06
2.950687000000000000e+06
3.579234000000000000e+06
2.382818000000000000e+06
-8.181400000000000000e+04
-2.523349000000000000e+06
-3.916511000000000000e+06
-4.140347000000000000e+06
-3.244128000000000000e+06
-1.734711000000000000e+06
-1.460400000000000000e+05
9.797990000000000000e+05
1.052336000000000000e+06
1.333413000000000000e+06
2.093963000000000000e+06
2.299854000000000000e+06
2.490086000000000000e+06
2.583980000000000000e+06
2.196480000000000000e+06
8.933760000000000000e+05
-1.524938000000000000e+06
-3.523661000000000000e+06
-4.472737000000000000e+06
-4.449902000000000000e+06
-3.449017000000000000e+06
-2.027906000000000000e+06
9.757000000000000000e+03
2.185582000000000000e+06
3.283116000000000000e+06
3.630806000000000000e+06
3.465178000000000000e+06
3.006151000000000000e+06
2.526205000000000000e+06
1.327601000000000000e+06
1.837940000000000000e+05
-5.792250000000000000e+05
-2.167221000000000000e+06
-4.269669000000000000e+06
-5.556017000000000000e+06
-5.197561000000000000e+06
-3.259093000000000000e+06
-5.514500000000000000e+05
2.170641000000000000e+06
4.614441000000000000e+06
5.535948000000000000e+06
4.603900000000000000e+06
3.483904000000000000e+06
2.363633000000000000e+06
5.177300000000000000e+05
-2.058944000000000000e+06
-4.351151000000000000e+06
-5.322321000000000000e+06
-5.041221000000000000e+06
-3.233774000000000000e+06
-5.308260000000000000e+05
1.359750000000000000e+06
2.205510000000000000e+06
2.570555000000000000e+06
2.847611000000000000e+06
2.953033000000000000e+06
2.366363000000000000e+06
1.049351000000000000e+06
-1.584900000000000000e+05
-1.768810000000000000e+05
1.518320000000000000e+05
-4.323520000000000000e+05
-1.216295000000000000e+06
-1.750360000000000000e+06
-2.129661000000000000e+06
-1.987879000000000000e+06
-1.103882000000000000e+06
-6.847500000000000000e+04
2.173230000000000000e+05
-2.624530000000000000e+05
-1.205407000000000000e+06
-1.670092000000000000e+06
-7.248760000000000000e+05
8.876510000000000000e+05
2.056529000000000000e+06
2.578876000000000000e+06
2.862481000000000000e+06
2.885876000000000000e+06
2.239395000000000000e+06
1.549062000000000000e+06
1.345827000000000000e+06
5.545440000000000000e+05
-1.330166000000000000e+06
-3.820301000000000000e+06
-5.804758000000000000e+06
-5.759929000000000000e+06
-3.865235000000000000e+06
-9.871650000000000000e+05
1.760218000000000000e+06
3.184590000000000000e+06
3.619839000000000000e+06
3.641036000000000000e+06
3.153118000000000000e+06
1.750889000000000000e+06
-3.775800000000000000e+05
-1.777747000000000000e+06
-1.729855000000000000e+06
-8.853870000000000000e+05
1.980930000000000000e+05
4.476440000000000000e+05
-6.875100000000000000e+05
-1.572501000000000000e+06
-1.233768000000000000e+06
-5.548790000000000000e+05
-5.038300000000000000e+04
-1.163400000000000000e+04
-7.295970000000000000e+05
-1.474393000000000000e+06
-1.188160000000000000e+06
7.257450000000000000e+05
3.304167000000000000e+06
4.670800000000000000e+06
4.237835000000000000e+06
2.044567000000000000e+06
-7.322050000000000000e+05
-2.439783000000000000e+06
-3.210803000000000000e+06
-3.132738000000000000e+06
-2.182401000000000000e+06
-1.417409000000000000e+06
-1.119385000000000000e+06
-7.680800000000000000e+05
-3.528030000000000000e+05
1.855420000000000000e+05
1.151499000000000000e+06
2.473698000000000000e+06
3.494122000000000000e+06
3.295743000000000000e+06
1.808437000000000000e+06
3.429580000000000000e+05
-2.433840000000000000e+05
-8.180550000000000000e+05
-2.015629000000000000e+06
-2.940896000000000000e+06
-2.517616000000000000e+06
-1.387119000000000000e+06
-1.009996000000000000e+06
-1.003331000000000000e+06
-2.243500000000000000e+04
1.511213000000000000e+06
1.897358000000000000e+06
1.167055000000000000e+06
1.099755000000000000e+06
2.007344000000000000e+06
2.343157000000000000e+06
1.160689000000000000e+06
-1.039044000000000000e+06
-2.839318000000000000e+06
-2.847783000000000000e+06
-1.189221000000000000e+06
3.450890000000000000e+05
1.263070000000000000e+05
-1.243045000000000000e+06
-1.753535000000000000e+06
-6.917900000000000000e+05
1.442074000000000000e+06
3.426734000000000000e+06
3.725783000000000000e+06
2.357174000000000000e+06
4.553610000000000000e+05
-9.470990000000000000e+05
-1.471449000000000000e+06
-1.780859000000000000e+06
-2.347109000000000000e+06
-2.667332000000000000e+06
-2.098189000000000000e+06
-5.941940000000000000e+05
1.111522000000000000e+06
2.255900000000000000e+06
2.716005000000000000e+06
2.459048000000000000e+06
1.635664000000000000e+06
3.546260000000000000e+05
-1.493553000000000000e+06
-3.016947000000000000e+06
-2.631711000000000000e+06
-2.865280000000000000e+05
2.162056000000000000e+06
2.899634000000000000e+06
1.202483000000000000e+06
-1.897372000000000000e+06
-4.244370000000000000e+06
-4.039255000000000000e+06
-7.442650000000000000e+05
3.351027000000000000e+06
5.292475000000000000e+06
4.709984000000000000e+06
2.474621000000000000e+06
-5.342690000000000000e+05
-3.379790000000000000e+06
-4.907920000000000000e+06
-3.926979000000000000e+06
-1.153982000000000000e+06
1.295437000000000000e+06
2.204227000000000000e+06
1.365179000000000000e+06
-4.114620000000000000e+05
-1.534607000000000000e+06
-9.668430000000000000e+05
7.005100000000000000e+05
2.053855000000000000e+06
2.245333000000000000e+06
1.032658000000000000e+06
-5.445530000000000000e+05
-7.959740000000000000e+05
6.694000000000000000e+04
4.894440000000000000e+05
-2.851000000000000000e+03
-6.816380000000000000e+05
-9.076140000000000000e+05
-6.311340000000000000e+05
-2.447670000000000000e+05
-2.771280000000000000e+05
-7.733080000000000000e+05
-1.093564000000000000e+06
-4.275460000000000000e+05
9.599000000000000000e+05
1.655109000000000000e+06
1.135473000000000000e+06
2.371590000000000000e+05
-5.281200000000000000e+04
4.640900000000000000e+05
8.645320000000000000e+05
4.319000000000000000e+05
-4.626230000000000000e+05
-1.231222000000000000e+06
-1.549357000000000000e+06
-1.296332000000000000e+06
-3.715960000000000000e+05
1.141307000000000000e+06
2.286697000000000000e+06
1.984725000000000000e+06
5.072790000000000000e+05
-1.053136000000000000e+06
-2.370228000000000000e+06
-2.903495000000000000e+06
-1.547672000000000000e+06
7.889450000000000000e+05
2.198719000000000000e+06
2.400163000000000000e+06
1.821918000000000000e+06
4.121300000000000000e+05
-1.118355000000000000e+06
-1.253027000000000000e+06
-2.133800000000000000e+05
3.365000000000000000e+05
-3.023050000000000000e+05
-1.483787000000000000e+06
-2.060061000000000000e+06
-1.356109000000000000e+06
3.624750000000000000e+05
1.998543000000000000e+06
2.441408000000000000e+06
1.796055000000000000e+06
8.630500000000000000e+05
-1.241920000000000000e+05
-1.208206000000000000e+06
-1.939989000000000000e+06
-1.700851000000000000e+06
-6.225750000000000000e+05
5.201660000000000000e+05
9.459100000000000000e+05
2.397810000000000000e+05
-7.957610000000000000e+05
-6.546400000000000000e+05
6.145370000000000000e+05
1.655734000000000000e+06
1.765872000000000000e+06
1.145608000000000000e+06
4.032670000000000000e+05
-3.178450000000000000e+05
-1.305118000000000000e+06
-2.256841000000000000e+06
-2.656747000000000000e+06
-1.906320000000000000e+06
2.527280000000000000e+05
2.447904000000000000e+06
2.993446000000000000e+06
1.648522000000000000e+06
-5.349480000000000000e+05
-1.730353000000000000e+06
-8.227420000000000000e+05
1.349431000000000000e+06
2.686660000000000000e+06
1.621820000000000000e+06
-1.109419000000000000e+06
-3.284053000000000000e+06
-3.692338000000000000e+06
-2.482404000000000000e+06
-4.816860000000000000e+05
1.403786000000000000e+06
2.934338000000000000e+06
3.871956000000000000e+06
3.343780000000000000e+06
1.019907000000000000e+06
-1.770703000000000000e+06
-3.126702000000000000e+06
-2.634556000000000000e+06
-1.393406000000000000e+06
-4.699410000000000000e+05
-7.294400000000000000e+04
2.733810000000000000e+05
8.448120000000000000e+05
1.186494000000000000e+06
9.372770000000000000e+05
4.624040000000000000e+05
3.031080000000000000e+05
5.351770000000000000e+05
7.131030000000000000e+05
5.011930000000000000e+05
6.664300000000000000e+04
-4.876790000000000000e+05
-1.321923000000000000e+06
-2.285447000000000000e+06
-2.628257000000000000e+06
-1.696625000000000000e+06
1.120510000000000000e+05
1.809013000000000000e+06
2.700209000000000000e+06
2.408491000000000000e+06
1.211646000000000000e+06
1.520720000000000000e+05
-1.937670000000000000e+05
-1.428140000000000000e+05
-8.738000000000000000e+04
-4.175660000000000000e+05
-1.250861000000000000e+06
-2.010341000000000000e+06
