5.300000000000000000e+02
-1.812000000000000000e+03
-8.400000000000000000e+01
1.838000000000000000e+03
7.860000000000000000e+02
2.170000000000000000e+02
-1.095000000000000000e+03
6.130000000000000000e+02
1.605000000000000000e+03
3.510000000000000000e+02
-2.193000000000000000e+03
8.530000000000000000e+02
2.492000000000000000e+03
-9.810000000000000000e+02
1.620000000000000000e+02
-6.600000000000000000e+01
1.003000000000000000e+03
1.222000000000000000e+03
-4.300000000000000000e+01
-1.818000000000000000e+03
2.015000000000000000e+03
1.184000000000000000e+03
-7.370000000000000000e+02
4.850000000000000000e+02
2.520000000000000000e+02
4.970000000000000000e+02
2.162000000000000000e+03
-1.626000000000000000e+03
6.050000000000000000e+02
5.400000000000000000e+02
-3.210000000000000000e+02
-6.820000000000000000e+02
2.461000000000000000e+03
-7.160000000000000000e+02
-1.130000000000000000e+02
7.350000000000000000e+02
6.750000000000000000e+02
1.221000000000000000e+03
-2.082000000000000000e+03
7.980000000000000000e+02
9.830000000000000000e+02
5.490000000000000000e+02
9.320000000000000000e+02
-1.486000000000000000e+03
6.350000000000000000e+02
1.985000000000000000e+03
3.020000000000000000e+02
-2.384000000000000000e+03
1.471000000000000000e+03
2.560000000000000000e+02
3.740000000000000000e+02
8.120000000000000000e+02
3.780000000000000000e+02
-1.872000000000000000e+03
1.127000000000000000e+03
2.521000000000000000e+03
4.000000000000000000e+02
-5.642000000000000000e+03
1.200000000000000000e+03
2.181000000000000000e+03
-9.755000000000000000e+03
-1.553400000000000000e+04
-1.163300000000000000e+04
-1.602000000000000000e+03
-3.766100000000000000e+04
-5.272000000000000000e+03
-3.938600000000000000e+04
-2.397400000000000000e+04
-7.579300000000000000e+04
-3.997500000000000000e+04
-9.652000000000000000e+03
3.674400000000000000e+04
-1.561960000000000000e+05
1.846400000000000000e+04
-4.001900000000000000e+04
-1.177420000000000000e+05
-9.869000000000000000e+03
-4.469000000000000000e+03
-8.287600000000000000e+04
-4.797500000000000000e+04
1.206920000000000000e+05
1.844860000000000000e+05
8.218700000000000000e+04
-4.962300000000000000e+04
-8.066800000000000000e+04
-7.807200000000000000e+04
-1.253170000000000000e+05
-8.036500000000000000e+04
1.382210000000000000e+05
1.673310000000000000e+05
-6.169900000000000000e+04
-1.295280000000000000e+05
-7.095300000000000000e+04
-8.543900000000000000e+04
-1.275110000000000000e+05
-1.894250000000000000e+05
-9.123400000000000000e+04
-1.970440000000000000e+05
7.959500000000000000e+04
5.121440000000000000e+05
3.704210000000000000e+05
-1.127600000000000000e+04
1.293400000000000000e+05
3.113000000000000000e+04
2.580400000000000000e+04
1.083530000000000000e+05
2.456470000000000000e+05
2.529970000000000000e+05
-2.554000000000000000e+04
-1.282690000000000000e+05
-1.158700000000000000e+04
-5.456000000000000000e+03
4.231300000000000000e+04
2.437400000000000000e+04
-1.619500000000000000e+04
6.396100000000000000e+04
3.114300000000000000e+04
1.564510000000000000e+05
2.091760000000000000e+05
2.482400000000000000e+04
1.564000000000000000e+03
1.914500000000000000e+04
-1.058000000000000000e+03
1.527600000000000000e+04
-1.606700000000000000e+04
9.401500000000000000e+04
2.466100000000000000e+04
-5.832500000000000000e+04
-3.170200000000000000e+04
1.882500000000000000e+04
-3.131100000000000000e+04
-3.867200000000000000e+04
-8.489400000000000000e+04
-8.389200000000000000e+04
1.222600000000000000e+04
-8.369800000000000000e+04
-7.890800000000000000e+04
-4.460300000000000000e+04
-1.128550000000000000e+05
3.318700000000000000e+04
1.211200000000000000e+05
-5.703000000000000000e+03
-9.993000000000000000e+04
-1.130360000000000000e+05
-4.791900000000000000e+04
3.175800000000000000e+04
6.208400000000000000e+04
-8.089000000000000000e+04
-1.624040000000000000e+05
-1.158900000000000000e+04
7.527600000000000000e+04
-1.872200000000000000e+04
1.247490000000000000e+05
1.888050000000000000e+05
-1.503000000000000000e+03
-1.698500000000000000e+04
7.158400000000000000e+04
1.296000000000000000e+04
-4.335000000000000000e+03
5.871000000000000000e+03
-1.224900000000000000e+04
-4.493500000000000000e+04
-4.886200000000000000e+04
-2.273400000000000000e+04
-1.190960000000000000e+05
-1.422430000000000000e+05
-3.458200000000000000e+04
-4.452000000000000000e+03
3.188300000000000000e+04
1.235890000000000000e+05
1.083700000000000000e+05
-1.397400000000000000e+04
2.484100000000000000e+04
6.176900000000000000e+04
-2.029800000000000000e+04
-2.451600000000000000e+04
-2.777100000000000000e+04
-1.001950000000000000e+05
-9.232400000000000000e+04
3.688300000000000000e+04
6.691000000000000000e+04
1.046030000000000000e+05
3.712900000000000000e+04
6.475000000000000000e+03
-4.461700000000000000e+04
-8.277100000000000000e+04
-2.294400000000000000e+04
3.202100000000000000e+04
-1.046700000000000000e+04
-2.773400000000000000e+04
-6.607400000000000000e+04
-3.848700000000000000e+04
4.436000000000000000e+03
3.472000000000000000e+03
-1.912000000000000000e+04
7.207500000000000000e+04
1.518000000000000000e+03
2.726900000000000000e+04
7.456900000000000000e+04
1.707000000000000000e+03
1.658900000000000000e+04
-1.418900000000000000e+04
-8.828200000000000000e+04
-1.084810000000000000e+05
-7.886500000000000000e+04
-4.189600000000000000e+04
4.837700000000000000e+04
1.206570000000000000e+05
6.438500000000000000e+04
1.991600000000000000e+04
4.453000000000000000e+03
-1.490400000000000000e+04
-6.272200000000000000e+04
-6.033700000000000000e+04
-1.007710000000000000e+05
-2.897400000000000000e+04
-1.025200000000000000e+04
-4.827800000000000000e+04
-2.522200000000000000e+04
-1.085400000000000000e+04
4.151000000000000000e+03
1.083440000000000000e+05
1.301460000000000000e+05
1.026800000000000000e+05
1.205600000000000000e+04
-7.813100000000000000e+04
-6.412000000000000000e+04
-1.481980000000000000e+05
-1.582850000000000000e+05
-1.444300000000000000e+04
2.991100000000000000e+04
2.444100000000000000e+04
4.065100000000000000e+04
1.003430000000000000e+05
9.087800000000000000e+04
-2.245300000000000000e+04
-2.693300000000000000e+04
-4.482800000000000000e+04
-1.079810000000000000e+05
-9.140700000000000000e+04
-2.660000000000000000e+03
2.063000000000000000e+04
-2.113300000000000000e+04
-3.608400000000000000e+04
6.841900000000000000e+04
1.980670000000000000e+05
1.016070000000000000e+05
-6.330000000000000000e+03
-1.648100000000000000e+04
-4.895000000000000000e+04
-9.129400000000000000e+04
-4.377700000000000000e+04
1.206000000000000000e+04
-5.830000000000000000e+03
-4.685000000000000000e+04
2.101500000000000000e+04
5.758900000000000000e+04
2.191000000000000000e+04
4.152000000000000000e+04
6.785100000000000000e+04
6.014900000000000000e+04
-3.593300000000000000e+04
-5.838000000000000000e+03
3.484800000000000000e+04
-5.115300000000000000e+04
-9.969100000000000000e+04
-3.000200000000000000e+04
-6.991000000000000000e+03
-5.980000000000000000e+03
-1.484200000000000000e+04
-2.568000000000000000e+03
2.332100000000000000e+04
1.006390000000000000e+05
8.826600000000000000e+04
-2.860900000000000000e+04
-1.256970000000000000e+05
-7.467900000000000000e+04
6.184000000000000000e+03
1.937300000000000000e+04
4.917800000000000000e+04
3.489200000000000000e+04
-9.420000000000000000e+03
1.521200000000000000e+04
3.059200000000000000e+04
6.887000000000000000e+04
1.938300000000000000e+04
-2.643000000000000000e+04
-4.084900000000000000e+04
-9.411200000000000000e+04
-1.002020000000000000e+05
-8.754200000000000000e+04
-1.424030000000000000e+05
-1.287660000000000000e+05
-2.758700000000000000e+04
3.219000000000000000e+04
5.701000000000000000e+04
6.656900000000000000e+04
6.693200000000000000e+04
9.101000000000000000e+03
-6.075500000000000000e+04
-2.752700000000000000e+04
6.050000000000000000e+04
6.834700000000000000e+04
1.037950000000000000e+05
1.121270000000000000e+05
8.853500000000000000e+04
9.591300000000000000e+04
1.472720000000000000e+05
1.663990000000000000e+05
1.240540000000000000e+05
5.131500000000000000e+04
-8.075200000000000000e+04
-1.593580000000000000e+05
-1.623200000000000000e+04
1.904100000000000000e+05
3.030930000000000000e+05
3.000480000000000000e+05
7.345500000000000000e+04
-1.540390000000000000e+05
-1.702120000000000000e+05
-6.042400000000000000e+04
-4.647500000000000000e+04
-1.361070000000000000e+05
-2.362510000000000000e+05
-2.681290000000000000e+05
-1.990510000000000000e+05
-6.600900000000000000e+04
1.148300000000000000e+04
-5.492200000000000000e+04
-1.584380000000000000e+05
-2.220560000000000000e+05
-2.121540000000000000e+05
-9.616800000000000000e+04
5.006200000000000000e+04
1.411840000000000000e+05
1.469590000000000000e+05
1.385640000000000000e+05
1.673900000000000000e+05
2.363950000000000000e+05
2.288130000000000000e+05
1.060860000000000000e+05
-6.377800000000000000e+04
-1.888310000000000000e+05
-2.416950000000000000e+05
-2.335110000000000000e+05
-2.677610000000000000e+05
-2.418470000000000000e+05
-1.725970000000000000e+05
-4.769000000000000000e+04
8.669000000000000000e+03
5.246000000000000000e+03
-5.535500000000000000e+04
-1.507750000000000000e+05
-2.897020000000000000e+05
-4.087210000000000000e+05
-4.238890000000000000e+05
-3.619630000000000000e+05
-3.250040000000000000e+05
-3.519830000000000000e+05
-3.165190000000000000e+05
-2.021350000000000000e+05
-2.142400000000000000e+05
-2.781070000000000000e+05
-2.956400000000000000e+05
-3.285240000000000000e+05
-3.321580000000000000e+05
-2.875200000000000000e+05
-2.325460000000000000e+05
-1.922910000000000000e+05
-1.384400000000000000e+05
-6.391300000000000000e+04
3.347000000000000000e+03
1.407220000000000000e+05
3.431050000000000000e+05
4.890370000000000000e+05
4.992360000000000000e+05
4.290680000000000000e+05
4.121620000000000000e+05
4.956430000000000000e+05
5.690980000000000000e+05
5.931140000000000000e+05
6.047530000000000000e+05
6.362000000000000000e+05
6.327500000000000000e+05
5.247490000000000000e+05
4.176600000000000000e+05
3.747750000000000000e+05
3.401630000000000000e+05
3.347530000000000000e+05
2.804050000000000000e+05
2.267060000000000000e+05
1.877580000000000000e+05
7.058500000000000000e+04
-6.228400000000000000e+04
-1.313380000000000000e+05
-1.156030000000000000e+05
-4.666100000000000000e+04
5.861500000000000000e+04
9.030700000000000000e+04
3.964600000000000000e+04
7.442700000000000000e+04
1.948600000000000000e+05
3.648900000000000000e+05
4.188320000000000000e+05
3.324500000000000000e+05
2.123060000000000000e+05
1.157460000000000000e+05
3.515700000000000000e+04
2.370200000000000000e+04
8.639100000000000000e+04
1.356530000000000000e+05
1.598330000000000000e+05
1.366380000000000000e+05
1.498170000000000000e+05
1.366960000000000000e+05
1.104900000000000000e+04
-2.215770000000000000e+05
-4.364480000000000000e+05
-5.723970000000000000e+05
-5.961780000000000000e+05
-5.222090000000000000e+05
-3.776220000000000000e+05
-2.083280000000000000e+05
-2.207700000000000000e+04
1.381350000000000000e+05
2.117150000000000000e+05
2.284870000000000000e+05
1.525630000000000000e+05
-3.040300000000000000e+04
-1.996080000000000000e+05
-2.867570000000000000e+05
-3.519350000000000000e+05
-3.381520000000000000e+05
-2.366750000000000000e+05
-8.012200000000000000e+04
9.074400000000000000e+04
2.148520000000000000e+05
2.744830000000000000e+05
2.175240000000000000e+05
1.354630000000000000e+05
2.767500000000000000e+04
-1.475550000000000000e+05
-3.664330000000000000e+05
-5.101500000000000000e+05
-5.224130000000000000e+05
-4.819470000000000000e+05
-3.137740000000000000e+05
-1.824000000000000000e+04
2.717100000000000000e+05
4.615220000000000000e+05
5.291180000000000000e+05
5.339870000000000000e+05
4.646290000000000000e+05
2.599160000000000000e+05
4.328900000000000000e+04
-1.474650000000000000e+05
-2.637040000000000000e+05
-2.986880000000000000e+05
-2.692990000000000000e+05
-1.190590000000000000e+05
8.782100000000000000e+04
3.212040000000000000e+05
4.811900000000000000e+05
4.219740000000000000e+05
1.587490000000000000e+05
-2.545600000000000000e+05
-6.146830000000000000e+05
-7.873780000000000000e+05
-7.823820000000000000e+05
-6.387100000000000000e+05
-3.446680000000000000e+05
1.548800000000000000e+04
3.188900000000000000e+05
5.075100000000000000e+05
5.168670000000000000e+05
3.713220000000000000e+05
1.155090000000000000e+05
-2.020400000000000000e+05
-4.813730000000000000e+05
-5.801380000000000000e+05
-4.019290000000000000e+05
-1.132600000000000000e+04
3.781490000000000000e+05
5.747080000000000000e+05
5.499680000000000000e+05
3.589700000000000000e+05
4.947800000000000000e+04
-2.821300000000000000e+05
-5.014880000000000000e+05
-5.341420000000000000e+05
-4.047620000000000000e+05
-1.717400000000000000e+05
1.412470000000000000e+05
4.630410000000000000e+05
6.531230000000000000e+05
6.240040000000000000e+05
3.240240000000000000e+05
-1.198610000000000000e+05
-5.336720000000000000e+05
-7.736210000000000000e+05
-7.991150000000000000e+05
-6.524990000000000000e+05
-3.883260000000000000e+05
-3.927800000000000000e+04
2.623630000000000000e+05
4.306240000000000000e+05
4.451140000000000000e+05
3.151780000000000000e+05
1.059820000000000000e+05
-9.191300000000000000e+04
-1.938470000000000000e+05
-2.048650000000000000e+05
-9.629300000000000000e+04
1.077450000000000000e+05
2.837520000000000000e+05
3.628490000000000000e+05
3.295190000000000000e+05
1.780390000000000000e+05
-5.518100000000000000e+04
-3.156910000000000000e+05
-5.053200000000000000e+05
-5.407020000000000000e+05
-4.314240000000000000e+05
-2.831680000000000000e+05
-1.519250000000000000e+05
-4.942800000000000000e+04
7.127700000000000000e+04
1.931360000000000000e+05
2.392120000000000000e+05
2.481620000000000000e+05
3.063740000000000000e+05
3.508020000000000000e+05
3.696520000000000000e+05
3.569020000000000000e+05
2.566280000000000000e+05
9.084600000000000000e+04
-1.245590000000000000e+05
-3.276240000000000000e+05
-4.644240000000000000e+05
-5.058590000000000000e+05
-4.246530000000000000e+05
-2.257180000000000000e+05
4.907000000000000000e+03
2.045020000000000000e+05
3.541890000000000000e+05
4.046780000000000000e+05
3.207260000000000000e+05
1.265510000000000000e+05
-6.901400000000000000e+04
-1.873930000000000000e+05
-1.768870000000000000e+05
-6.635200000000000000e+04
6.419500000000000000e+04
1.761760000000000000e+05
2.137930000000000000e+05
1.877880000000000000e+05
1.342840000000000000e+05
1.138900000000000000e+04
-1.702680000000000000e+05
-3.422070000000000000e+05
-4.017700000000000000e+05
-3.372740000000000000e+05
-1.870020000000000000e+05
6.160000000000000000e+03
2.107160000000000000e+05
4.016870000000000000e+05
5.066230000000000000e+05
4.901490000000000000e+05
3.387610000000000000e+05
1.040060000000000000e+05
-1.571180000000000000e+05
-3.786750000000000000e+05
-4.766120000000000000e+05
-4.308760000000000000e+05
-3.070130000000000000e+05
-1.429550000000000000e+05
5.021200000000000000e+04
2.190010000000000000e+05
3.310220000000000000e+05
3.520990000000000000e+05
2.737830000000000000e+05
1.036210000000000000e+05
-6.254900000000000000e+04
-1.571120000000000000e+05
-1.648520000000000000e+05
-9.118800000000000000e+04
1.585000000000000000e+04
6.733000000000000000e+04
7.549100000000000000e+04
3.958000000000000000e+04
-9.516000000000000000e+03
8.850000000000000000e+02
2.242000000000000000e+04
2.037700000000000000e+04
1.981700000000000000e+04
4.183600000000000000e+04
7.573800000000000000e+04
8.043500000000000000e+04
1.220400000000000000e+04
-8.589300000000000000e+04
-1.241960000000000000e+05
-5.929500000000000000e+04
9.780200000000000000e+04
2.550860000000000000e+05
2.846260000000000000e+05
1.716060000000000000e+05
-2.012700000000000000e+04
-2.331400000000000000e+05
-4.140820000000000000e+05
-5.070440000000000000e+05
-4.465020000000000000e+05
-2.557970000000000000e+05
2.300000000000000000e+04
3.338160000000000000e+05
5.427700000000000000e+05
5.789290000000000000e+05
4.473120000000000000e+05
1.730150000000000000e+05
-1.431780000000000000e+05
-3.515990000000000000e+05
-3.752900000000000000e+05
-2.380230000000000000e+05
-4.705800000000000000e+04
7.953000000000000000e+04
1.101580000000000000e+05
1.092340000000000000e+05
1.374220000000000000e+05
1.431440000000000000e+05
8.568300000000000000e+04
-5.643000000000000000e+03
-7.397200000000000000e+04
-1.038510000000000000e+05
-8.099900000000000000e+04
-2.851100000000000000e+04
3.203900000000000000e+04
6.287200000000000000e+04
5.480400000000000000e+04
3.361300000000000000e+04
-1.632100000000000000e+04
-9.387200000000000000e+04
-1.656610000000000000e+05
-1.915260000000000000e+05
-1.712460000000000000e+05
-1.425510000000000000e+05
-6.506200000000000000e+04
9.949700000000000000e+04
2.769690000000000000e+05
3.616600000000000000e+05
3.226090000000000000e+05
1.929860000000000000e+05
3.267800000000000000e+04
-9.079600000000000000e+04
-1.281270000000000000e+05
-1.026650000000000000e+05
-5.935400000000000000e+04
-2.449600000000000000e+04
-1.396400000000000000e+04
-3.948400000000000000e+04
-5.173000000000000000e+04
-3.435400000000000000e+04
