-2.100000000000000000e+03
-2.239000000000000000e+03
-1.909000000000000000e+03
-1.413000000000000000e+03
-1.495000000000000000e+03
-2.852000000000000000e+03
-3.871000000000000000e+03
-2.883000000000000000e+03
-1.135000000000000000e+03
-1.390000000000000000e+02
1.250000000000000000e+02
-9.330000000000000000e+02
-2.643000000000000000e+03
-3.213000000000000000e+03
-3.193000000000000000e+03
-2.335000000000000000e+03
-2.550000000000000000e+02
-4.690000000000000000e+02
-2.987000000000000000e+03
-3.486000000000000000e+03
-1.967000000000000000e+03
-8.060000000000000000e+02
-2.880000000000000000e+02
-1.084000000000000000e+03
-2.615000000000000000e+03
-2.627000000000000000e+03
-2.087000000000000000e+03
-2.210000000000000000e+03
-2.082000000000000000e+03
-1.464000000000000000e+03
-1.224000000000000000e+03
-1.783000000000000000e+03
-2.217000000000000000e+03
-1.801000000000000000e+03
-1.646000000000000000e+03
-2.076000000000000000e+03
-1.755000000000000000e+03
-1.068000000000000000e+03
-1.644000000000000000e+03
-2.879000000000000000e+03
-2.717000000000000000e+03
-1.709000000000000000e+03
-1.122000000000000000e+03
-9.040000000000000000e+02
-1.427000000000000000e+03
-2.276000000000000000e+03
-2.251000000000000000e+03
-2.123000000000000000e+03
-2.247000000000000000e+03
-1.276000000000000000e+03
-6.400000000000000000e+02
-2.137000000000000000e+03
-3.327000000000000000e+03
-2.295000000000000000e+03
-1.439000000000000000e+03
-1.921000000000000000e+03
-1.566000000000000000e+03
-1.175000000000000000e+03
-2.979000000000000000e+03
-2.423000000000000000e+03
-5.512000000000000000e+03
-2.247800000000000000e+04
-2.832100000000000000e+04
-1.945600000000000000e+04
-1.681700000000000000e+04
-2.282200000000000000e+04
-7.688100000000000000e+04
-1.302730000000000000e+05
-9.091600000000000000e+04
-9.691000000000000000e+03
3.746600000000000000e+04
-5.223200000000000000e+04
-1.615710000000000000e+05
-6.428000000000000000e+03
2.040600000000000000e+05
1.751400000000000000e+05
1.442300000000000000e+04
-1.305900000000000000e+05
-1.288310000000000000e+05
-9.175000000000000000e+03
2.881900000000000000e+04
-2.998700000000000000e+04
-9.440500000000000000e+04
-5.789400000000000000e+04
5.406300000000000000e+04
1.258610000000000000e+05
1.724770000000000000e+05
2.079630000000000000e+05
1.926460000000000000e+05
1.644900000000000000e+05
1.730830000000000000e+05
5.447800000000000000e+04
-5.958300000000000000e+04
2.459200000000000000e+04
6.766200000000000000e+04
3.766300000000000000e+04
-5.994500000000000000e+04
-1.795640000000000000e+05
-1.326080000000000000e+05
-1.753500000000000000e+04
6.598900000000000000e+04
5.543900000000000000e+04
1.815900000000000000e+04
8.459800000000000000e+04
3.762500000000000000e+04
-9.575300000000000000e+04
-1.646690000000000000e+05
-2.640650000000000000e+05
-2.626350000000000000e+05
-1.103330000000000000e+05
-6.996000000000000000e+03
1.527140000000000000e+05
3.309120000000000000e+05
1.996380000000000000e+05
3.239300000000000000e+04
3.568400000000000000e+04
4.558100000000000000e+04
1.350400000000000000e+04
-9.074500000000000000e+04
-7.101700000000000000e+04
3.813400000000000000e+04
2.691800000000000000e+04
2.814400000000000000e+04
6.178900000000000000e+04
2.212200000000000000e+04
3.933000000000000000e+03
3.261700000000000000e+04
2.052600000000000000e+04
-1.839400000000000000e+04
-8.985100000000000000e+04
-1.527110000000000000e+05
-3.250300000000000000e+04
8.217200000000000000e+04
3.438300000000000000e+04
-3.975700000000000000e+04
-1.477480000000000000e+05
-1.560350000000000000e+05
-1.023460000000000000e+05
-7.729400000000000000e+04
-2.811700000000000000e+04
-1.045500000000000000e+04
-2.959200000000000000e+04
-1.162530000000000000e+05
-1.337730000000000000e+05
6.822000000000000000e+03
1.007160000000000000e+05
8.052400000000000000e+04
2.651700000000000000e+04
3.167300000000000000e+04
8.675900000000000000e+04
3.885500000000000000e+04
-2.791400000000000000e+04
8.565000000000000000e+03
9.054100000000000000e+04
1.110620000000000000e+05
-4.666000000000000000e+03
-4.156400000000000000e+04
2.720600000000000000e+04
-9.980000000000000000e+02
-2.163500000000000000e+04
-6.936000000000000000e+03
-9.264000000000000000e+03
-1.227000000000000000e+03
-5.157100000000000000e+04
-8.658000000000000000e+04
-4.148900000000000000e+04
-2.465000000000000000e+04
-2.173600000000000000e+04
-3.031000000000000000e+03
-1.184000000000000000e+03
1.842100000000000000e+04
1.805300000000000000e+04
-3.650600000000000000e+04
-8.871000000000000000e+04
-1.217910000000000000e+05
-1.151810000000000000e+05
-3.140700000000000000e+04
8.520400000000000000e+04
1.825100000000000000e+05
2.201110000000000000e+05
9.796300000000000000e+04
-4.227400000000000000e+04
-4.522700000000000000e+04
-8.828000000000000000e+03
3.227600000000000000e+04
3.136800000000000000e+04
1.376500000000000000e+04
3.271200000000000000e+04
1.976700000000000000e+04
-3.694100000000000000e+04
-1.116530000000000000e+05
-1.344550000000000000e+05
-2.736900000000000000e+04
9.779500000000000000e+04
7.636200000000000000e+04
-5.023000000000000000e+03
-2.534500000000000000e+04
-5.444200000000000000e+04
-1.005140000000000000e+05
-6.751300000000000000e+04
2.771000000000000000e+03
1.162600000000000000e+04
-1.301800000000000000e+04
7.627000000000000000e+03
5.617000000000000000e+04
4.126700000000000000e+04
-4.496400000000000000e+04
-9.463100000000000000e+04
-6.280900000000000000e+04
-4.021400000000000000e+04
-2.285900000000000000e+04
4.459300000000000000e+04
1.114970000000000000e+05
1.398650000000000000e+05
1.213380000000000000e+05
3.487500000000000000e+04
-8.826300000000000000e+04
-1.278350000000000000e+05
-7.641500000000000000e+04
-4.068800000000000000e+04
-3.800000000000000000e+01
6.993400000000000000e+04
9.583900000000000000e+04
8.594300000000000000e+04
6.424300000000000000e+04
-2.253900000000000000e+04
-9.424100000000000000e+04
-1.066720000000000000e+05
-1.273710000000000000e+05
-4.944200000000000000e+04
9.651200000000000000e+04
1.057440000000000000e+05
3.485900000000000000e+04
-8.175000000000000000e+03
-5.375700000000000000e+04
-5.258000000000000000e+04
-7.665000000000000000e+03
-1.638100000000000000e+04
-2.239100000000000000e+04
3.981700000000000000e+04
9.682800000000000000e+04
1.036080000000000000e+05
8.034600000000000000e+04
2.764500000000000000e+04
-2.794300000000000000e+04
-5.966900000000000000e+04
-8.233900000000000000e+04
-5.544900000000000000e+04
5.072900000000000000e+04
9.655200000000000000e+04
8.233000000000000000e+03
-6.023600000000000000e+04
-6.366700000000000000e+04
-5.752600000000000000e+04
-2.012100000000000000e+04
8.892000000000000000e+03
-6.294800000000000000e+04
-1.690280000000000000e+05
-1.187750000000000000e+05
6.190600000000000000e+04
1.689510000000000000e+05
9.761200000000000000e+04
-5.549500000000000000e+04
-6.521800000000000000e+04
2.826100000000000000e+04
3.251300000000000000e+04
1.269600000000000000e+04
6.065100000000000000e+04
9.975700000000000000e+04
7.107000000000000000e+04
3.768500000000000000e+04
3.876000000000000000e+03
-7.873000000000000000e+04
-1.096510000000000000e+05
-1.260200000000000000e+04
9.047800000000000000e+04
8.787300000000000000e+04
2.829400000000000000e+04
-7.587000000000000000e+03
-1.240500000000000000e+04
-2.093400000000000000e+04
-6.043000000000000000e+03
5.277700000000000000e+04
8.876400000000000000e+04
8.754500000000000000e+04
7.025900000000000000e+04
1.849000000000000000e+04
-5.605300000000000000e+04
-8.816900000000000000e+04
-7.330900000000000000e+04
-7.029400000000000000e+04
-7.554200000000000000e+04
-5.847100000000000000e+04
-4.172800000000000000e+04
-4.905200000000000000e+04
-2.420500000000000000e+04
2.317900000000000000e+04
-3.031700000000000000e+04
-1.358920000000000000e+05
-1.485120000000000000e+05
-7.075100000000000000e+04
-5.747000000000000000e+03
-2.864900000000000000e+04
-4.376500000000000000e+04
-7.832000000000000000e+03
3.881000000000000000e+03
4.293800000000000000e+04
1.051980000000000000e+05
1.252270000000000000e+05
1.175480000000000000e+05
6.501100000000000000e+04
-1.004400000000000000e+04
-1.361000000000000000e+04
2.969100000000000000e+04
4.278800000000000000e+04
3.332200000000000000e+04
1.659500000000000000e+04
3.180500000000000000e+04
2.477400000000000000e+04
-9.364900000000000000e+04
-1.819700000000000000e+05
-1.717570000000000000e+05
-1.690640000000000000e+05
-2.051700000000000000e+05
-2.439780000000000000e+05
-2.011290000000000000e+05
-1.007290000000000000e+05
-2.325000000000000000e+04
7.019500000000000000e+04
1.465950000000000000e+05
1.394500000000000000e+05
1.070270000000000000e+05
7.716800000000000000e+04
4.072700000000000000e+04
1.937700000000000000e+04
-9.539000000000000000e+03
1.501400000000000000e+04
1.711250000000000000e+05
3.666590000000000000e+05
5.111060000000000000e+05
5.647220000000000000e+05
5.241910000000000000e+05
4.344780000000000000e+05
3.232860000000000000e+05
1.853270000000000000e+05
1.559000000000000000e+04
-1.229350000000000000e+05
-2.329450000000000000e+05
-3.586450000000000000e+05
-4.579600000000000000e+05
-5.529840000000000000e+05
-6.690570000000000000e+05
-7.482000000000000000e+05
-7.477560000000000000e+05
-6.043280000000000000e+05
-2.869160000000000000e+05
9.279400000000000000e+04
3.714130000000000000e+05
4.470220000000000000e+05
3.371340000000000000e+05
1.728260000000000000e+05
1.001500000000000000e+05
1.607160000000000000e+05
2.654640000000000000e+05
3.334800000000000000e+05
3.651750000000000000e+05
3.531340000000000000e+05
2.569140000000000000e+05
1.039970000000000000e+05
-2.837900000000000000e+04
-1.281600000000000000e+05
-2.045730000000000000e+05
-2.674540000000000000e+05
-3.079230000000000000e+05
-2.557270000000000000e+05
-1.341890000000000000e+05
-5.389600000000000000e+04
-2.353200000000000000e+04
-8.593000000000000000e+03
1.755000000000000000e+03
4.308900000000000000e+04
1.227620000000000000e+05
1.970130000000000000e+05
2.435490000000000000e+05
2.163660000000000000e+05
4.158100000000000000e+04
-1.597230000000000000e+05
-1.924610000000000000e+05
-8.483600000000000000e+04
9.628000000000000000e+03
1.291000000000000000e+03
-6.633800000000000000e+04
-9.760000000000000000e+04
-6.373200000000000000e+04
-2.336000000000000000e+04
-3.435700000000000000e+04
-9.403400000000000000e+04
-1.676170000000000000e+05
-1.703000000000000000e+05
-7.589700000000000000e+04
1.664600000000000000e+04
5.837000000000000000e+04
8.724400000000000000e+04
9.178100000000000000e+04
2.629200000000000000e+04
-1.013240000000000000e+05
-2.368590000000000000e+05
-2.672810000000000000e+05
-1.407380000000000000e+05
2.519400000000000000e+04
1.344940000000000000e+05
1.582490000000000000e+05
8.648600000000000000e+04
2.178200000000000000e+04
3.228800000000000000e+04
2.640800000000000000e+04
-2.210700000000000000e+04
-1.516200000000000000e+04
9.112800000000000000e+04
2.497290000000000000e+05
3.671360000000000000e+05
3.908570000000000000e+05
3.540920000000000000e+05
2.783200000000000000e+05
1.680850000000000000e+05
6.028200000000000000e+04
4.294000000000000000e+03
-4.783000000000000000e+03
-3.963700000000000000e+04
-9.140400000000000000e+04
-1.143530000000000000e+05
-1.687090000000000000e+05
-2.769170000000000000e+05
-4.033110000000000000e+05
-5.654710000000000000e+05
-7.506740000000000000e+05
-8.861770000000000000e+05
-9.281560000000000000e+05
-8.824550000000000000e+05
-7.800730000000000000e+05
-6.890500000000000000e+05
-6.647890000000000000e+05
-6.670240000000000000e+05
-6.234430000000000000e+05
-5.166390000000000000e+05
-3.801580000000000000e+05
-2.198640000000000000e+05
-4.208000000000000000e+03
2.538580000000000000e+05
5.283990000000000000e+05
7.813790000000000000e+05
9.900450000000000000e+05
1.196721000000000000e+06
1.402578000000000000e+06
1.586101000000000000e+06
1.733705000000000000e+06
1.779173000000000000e+06
1.716050000000000000e+06
1.646009000000000000e+06
1.604808000000000000e+06
1.538918000000000000e+06
1.420169000000000000e+06
1.210730000000000000e+06
8.966310000000000000e+05
5.475170000000000000e+05
1.947380000000000000e+05
-1.395630000000000000e+05
-3.989050000000000000e+05
-6.017000000000000000e+05
-7.679540000000000000e+05
-8.667070000000000000e+05
-9.128900000000000000e+05
-9.613590000000000000e+05
-1.011147000000000000e+06
-1.007879000000000000e+06
-9.566190000000000000e+05
-8.699180000000000000e+05
-7.274890000000000000e+05
-5.575400000000000000e+05
-3.848980000000000000e+05
-2.234460000000000000e+05
-1.138150000000000000e+05
-8.394700000000000000e+04
-9.833500000000000000e+04
-7.329000000000000000e+04
-1.225000000000000000e+03
2.140400000000000000e+04
-7.518000000000000000e+04
-2.794540000000000000e+05
-5.529290000000000000e+05
-8.414710000000000000e+05
-1.067845000000000000e+06
-1.162922000000000000e+06
-1.135884000000000000e+06
-1.058357000000000000e+06
-9.235290000000000000e+05
-6.981760000000000000e+05
-4.586610000000000000e+05
-2.673440000000000000e+05
-8.434600000000000000e+04
1.361880000000000000e+05
4.093580000000000000e+05
6.910640000000000000e+05
8.605120000000000000e+05
8.554800000000000000e+05
7.464440000000000000e+05
5.852590000000000000e+05
3.419520000000000000e+05
4.333600000000000000e+04
-2.101640000000000000e+05
-3.704050000000000000e+05
-4.693700000000000000e+05
-5.271050000000000000e+05
-5.124010000000000000e+05
-4.340840000000000000e+05
-3.638130000000000000e+05
-3.122010000000000000e+05
-1.929940000000000000e+05
3.156900000000000000e+04
2.855630000000000000e+05
4.972900000000000000e+05
6.548640000000000000e+05
7.402110000000000000e+05
7.162690000000000000e+05
5.936660000000000000e+05
4.395210000000000000e+05
3.001550000000000000e+05
1.645850000000000000e+05
1.703400000000000000e+04
-1.384690000000000000e+05
-2.871330000000000000e+05
-3.980930000000000000e+05
-4.240300000000000000e+05
-3.284830000000000000e+05
-1.510550000000000000e+05
4.129100000000000000e+04
2.419470000000000000e+05
4.331670000000000000e+05
5.279130000000000000e+05
4.685460000000000000e+05
3.089050000000000000e+05
1.391600000000000000e+05
1.190000000000000000e+04
-5.723700000000000000e+04
-8.747400000000000000e+04
-8.042400000000000000e+04
4.923000000000000000e+03
1.750410000000000000e+05
3.510100000000000000e+05
4.337290000000000000e+05
4.141600000000000000e+05
3.507270000000000000e+05
2.454780000000000000e+05
5.742500000000000000e+04
-1.885470000000000000e+05
-4.077620000000000000e+05
-5.332170000000000000e+05
-5.419630000000000000e+05
-4.515050000000000000e+05
-3.054300000000000000e+05
-1.289780000000000000e+05
9.366300000000000000e+04
3.763960000000000000e+05
6.628180000000000000e+05
8.471130000000000000e+05
8.605790000000000000e+05
6.657150000000000000e+05
2.672530000000000000e+05
-2.250170000000000000e+05
-6.600180000000000000e+05
-9.268480000000000000e+05
-9.665030000000000000e+05
-7.999080000000000000e+05
-4.913990000000000000e+05
-1.005200000000000000e+05
2.942000000000000000e+05
6.406680000000000000e+05
9.057000000000000000e+05
1.001833000000000000e+06
8.595720000000000000e+05
4.917560000000000000e+05
-1.263500000000000000e+04
-5.058940000000000000e+05
-8.656310000000000000e+05
-1.020365000000000000e+06
-9.224840000000000000e+05
-5.979110000000000000e+05
-1.470730000000000000e+05
2.982230000000000000e+05
6.120490000000000000e+05
7.671870000000000000e+05
7.882820000000000000e+05
6.489370000000000000e+05
3.573110000000000000e+05
-1.398200000000000000e+04
-3.966290000000000000e+05
-7.048280000000000000e+05
-8.628010000000000000e+05
-8.603560000000000000e+05
-7.022350000000000000e+05
-3.957850000000000000e+05
1.619100000000000000e+04
4.474090000000000000e+05
7.707080000000000000e+05
8.802230000000000000e+05
7.698310000000000000e+05
5.111030000000000000e+05
1.712440000000000000e+05
-1.958000000000000000e+05
-5.220660000000000000e+05
-7.225650000000000000e+05
-7.361990000000000000e+05
-5.878640000000000000e+05
-3.564810000000000000e+05
-1.096170000000000000e+05
1.177610000000000000e+05
3.236360000000000000e+05
4.989820000000000000e+05
6.024800000000000000e+05
5.985280000000000000e+05
4.919340000000000000e+05
3.090050000000000000e+05
5.706500000000000000e+04
-2.580760000000000000e+05
-5.636950000000000000e+05
-7.442130000000000000e+05
-7.343400000000000000e+05
-5.539250000000000000e+05
-2.880120000000000000e+05
-2.461000000000000000e+04
1.876200000000000000e+05
3.349870000000000000e+05
4.159030000000000000e+05
4.230030000000000000e+05
3.572480000000000000e+05
2.272680000000000000e+05
5.957500000000000000e+04
-8.985700000000000000e+04
-1.621730000000000000e+05
-1.301470000000000000e+05
-4.501500000000000000e+04
5.759000000000000000e+03
-6.641000000000000000e+03
-5.676000000000000000e+04
-1.109690000000000000e+05
-1.506240000000000000e+05
-1.594370000000000000e+05
-1.336810000000000000e+05
-9.941100000000000000e+04
-5.439800000000000000e+04
1.615100000000000000e+04
7.357900000000000000e+04
9.707700000000000000e+04
1.255080000000000000e+05
1.671540000000000000e+05
1.769480000000000000e+05
1.401960000000000000e+05
1.016950000000000000e+05
7.977700000000000000e+04
2.964000000000000000e+04
