-1.037400000000000000e+04
-7.199000000000000000e+03
-1.970000000000000000e+03
-6.354000000000000000e+03
-9.350000000000000000e+02
-2.299000000000000000e+03
-6.795000000000000000e+03
-2.942000000000000000e+03
-8.821000000000000000e+03
-7.861000000000000000e+03
-4.373000000000000000e+03
-3.915000000000000000e+03
-7.503000000000000000e+03
4.585000000000000000e+03
-4.775000000000000000e+03
-6.901000000000000000e+03
-1.381100000000000000e+04
-1.159400000000000000e+04
-1.004200000000000000e+04
1.110000000000000000e+02
1.719000000000000000e+03
-9.920000000000000000e+02
-4.122000000000000000e+03
-7.517000000000000000e+03
-1.033500000000000000e+04
-1.102100000000000000e+04
-9.342000000000000000e+03
-7.442000000000000000e+03
1.213000000000000000e+03
-9.776000000000000000e+03
-2.376000000000000000e+03
2.205000000000000000e+03
-7.830000000000000000e+03
-1.196300000000000000e+04
-3.711000000000000000e+03
-1.012100000000000000e+04
-7.845000000000000000e+03
-9.136000000000000000e+03
-3.621000000000000000e+03
-3.505000000000000000e+03
-2.068000000000000000e+03
6.540000000000000000e+02
-6.395000000000000000e+03
-1.128200000000000000e+04
-1.039300000000000000e+04
-1.097200000000000000e+04
-7.560000000000000000e+03
2.000000000000000000e+01
-7.003000000000000000e+03
-2.549000000000000000e+03
-4.967000000000000000e+03
-5.352000000000000000e+03
-4.302000000000000000e+03
-1.217900000000000000e+04
-4.138000000000000000e+03
-7.000000000000000000e+03
-5.469000000000000000e+03
-4.245000000000000000e+03
-5.910000000000000000e+02
-8.643000000000000000e+03
-1.103300000000000000e+04
1.653400000000000000e+04
5.577500000000000000e+04
2.776300000000000000e+04
-3.581900000000000000e+04
-3.236700000000000000e+04
4.478000000000000000e+04
1.132930000000000000e+05
1.029140000000000000e+05
-4.350900000000000000e+04
-8.432200000000000000e+04
2.804390000000000000e+05
1.026890000000000000e+05
-3.451700000000000000e+04
-1.328150000000000000e+05
-1.850260000000000000e+05
1.110050000000000000e+05
1.080100000000000000e+05
8.871000000000000000e+03
-2.149470000000000000e+05
-1.863260000000000000e+05
-1.610990000000000000e+05
1.052280000000000000e+05
1.582240000000000000e+05
-1.355100000000000000e+04
-1.834870000000000000e+05
3.835800000000000000e+04
1.231840000000000000e+05
1.968310000000000000e+05
8.527900000000000000e+04
1.322760000000000000e+05
1.767300000000000000e+05
1.735610000000000000e+05
2.455950000000000000e+05
-1.835880000000000000e+05
-3.940120000000000000e+05
-4.923240000000000000e+05
-3.658540000000000000e+05
-1.898410000000000000e+05
-9.190200000000000000e+04
3.584000000000000000e+03
8.003400000000000000e+04
-1.499130000000000000e+05
-3.099690000000000000e+05
-1.343370000000000000e+05
6.099200000000000000e+04
1.640980000000000000e+05
2.417460000000000000e+05
1.930250000000000000e+05
-8.979200000000000000e+04
7.351900000000000000e+04
4.314400000000000000e+04
-9.575700000000000000e+04
-1.132640000000000000e+05
-1.491720000000000000e+05
7.764100000000000000e+04
1.779500000000000000e+04
-8.553800000000000000e+04
3.374000000000000000e+04
6.039100000000000000e+04
-7.892700000000000000e+04
4.483300000000000000e+04
3.389220000000000000e+05
1.073100000000000000e+05
-1.139320000000000000e+05
-1.008550000000000000e+05
1.074320000000000000e+05
2.046300000000000000e+05
-4.125000000000000000e+04
-1.955170000000000000e+05
-3.185170000000000000e+05
-1.779900000000000000e+05
1.907380000000000000e+05
2.480920000000000000e+05
2.251400000000000000e+05
1.736740000000000000e+05
-8.638700000000000000e+04
-1.284400000000000000e+04
-1.371190000000000000e+05
-1.540800000000000000e+05
-9.261800000000000000e+04
-1.579100000000000000e+04
5.766500000000000000e+04
-8.570000000000000000e+03
-1.821730000000000000e+05
-1.655750000000000000e+05
-6.438100000000000000e+04
1.581800000000000000e+04
4.619300000000000000e+04
-4.539000000000000000e+03
7.746500000000000000e+04
2.475610000000000000e+05
1.805560000000000000e+05
2.014760000000000000e+05
-1.565870000000000000e+05
-3.056440000000000000e+05
-6.154800000000000000e+04
-1.838670000000000000e+05
-3.394700000000000000e+04
-5.923000000000000000e+03
-1.073400000000000000e+04
2.537050000000000000e+05
1.961520000000000000e+05
1.105750000000000000e+05
-7.915000000000000000e+03
-1.709120000000000000e+05
-9.692600000000000000e+04
7.657100000000000000e+04
-4.600500000000000000e+04
-1.991510000000000000e+05
-1.662470000000000000e+05
-1.013100000000000000e+04
1.616230000000000000e+05
1.053890000000000000e+05
1.598300000000000000e+04
-4.888000000000000000e+04
-1.915790000000000000e+05
-4.316600000000000000e+04
7.353000000000000000e+04
-2.246200000000000000e+05
-1.865680000000000000e+05
1.753600000000000000e+04
2.214070000000000000e+05
2.900960000000000000e+05
2.183400000000000000e+04
-8.911600000000000000e+04
8.872600000000000000e+04
7.627000000000000000e+04
9.128900000000000000e+04
-1.054540000000000000e+05
-6.321700000000000000e+04
1.057960000000000000e+05
5.246700000000000000e+04
4.783200000000000000e+04
-6.686000000000000000e+03
-8.083700000000000000e+04
-1.352800000000000000e+05
-2.702720000000000000e+05
-1.259450000000000000e+05
-3.133100000000000000e+04
4.918100000000000000e+04
1.710410000000000000e+05
1.920110000000000000e+05
4.345600000000000000e+04
1.232370000000000000e+05
3.260030000000000000e+05
3.703650000000000000e+05
1.409580000000000000e+05
-6.388100000000000000e+04
-8.717000000000000000e+04
2.017480000000000000e+05
1.983000000000000000e+04
-5.703400000000000000e+05
-5.427700000000000000e+05
-2.526840000000000000e+05
-1.652850000000000000e+05
-1.263060000000000000e+05
-1.891870000000000000e+05
-2.050470000000000000e+05
-3.920800000000000000e+04
2.744700000000000000e+04
8.003900000000000000e+04
2.307960000000000000e+05
2.705160000000000000e+05
3.149970000000000000e+05
1.284560000000000000e+05
-1.128540000000000000e+05
-2.313110000000000000e+05
-7.869900000000000000e+04
2.681700000000000000e+04
-5.915900000000000000e+04
-4.357000000000000000e+03
-5.175800000000000000e+04
-2.946960000000000000e+05
-2.378240000000000000e+05
-2.912500000000000000e+04
4.185100000000000000e+04
1.084290000000000000e+05
2.230960000000000000e+05
1.116280000000000000e+05
-3.069000000000000000e+03
-1.698820000000000000e+05
-1.535700000000000000e+05
1.759000000000000000e+04
1.051700000000000000e+05
1.829080000000000000e+05
1.527200000000000000e+04
-4.538500000000000000e+04
-1.502570000000000000e+05
-3.742600000000000000e+04
1.314110000000000000e+05
2.192570000000000000e+05
2.283820000000000000e+05
9.684800000000000000e+04
-2.248230000000000000e+05
-3.157850000000000000e+05
-1.203660000000000000e+05
4.280100000000000000e+04
2.714200000000000000e+04
-9.191600000000000000e+04
-3.385600000000000000e+05
-1.703760000000000000e+05
2.838570000000000000e+05
5.198310000000000000e+05
2.583400000000000000e+05
-8.971500000000000000e+04
-2.280270000000000000e+05
-2.347440000000000000e+05
-1.402670000000000000e+05
3.398100000000000000e+04
9.825500000000000000e+04
6.337300000000000000e+04
2.011800000000000000e+04
-1.419470000000000000e+05
-3.474070000000000000e+05
-2.702460000000000000e+05
4.110300000000000000e+04
3.400670000000000000e+05
3.432050000000000000e+05
2.650720000000000000e+05
1.142090000000000000e+05
-1.345780000000000000e+05
-2.172190000000000000e+05
-1.780900000000000000e+05
-1.289010000000000000e+05
-5.341500000000000000e+04
1.012580000000000000e+05
5.105100000000000000e+04
1.292700000000000000e+04
-1.576700000000000000e+04
2.506000000000000000e+03
9.158000000000000000e+03
3.058000000000000000e+03
-5.191300000000000000e+04
-1.884500000000000000e+04
2.438300000000000000e+04
3.350000000000000000e+02
-1.491500000000000000e+04
5.618500000000000000e+04
1.215870000000000000e+05
1.381810000000000000e+05
6.071300000000000000e+04
6.729900000000000000e+04
-3.806900000000000000e+04
-2.016940000000000000e+05
-2.466270000000000000e+05
4.237000000000000000e+03
1.665560000000000000e+05
6.252700000000000000e+04
-5.448000000000000000e+04
8.211800000000000000e+04
2.301930000000000000e+05
1.690860000000000000e+05
-4.046800000000000000e+04
-2.132380000000000000e+05
-2.615110000000000000e+05
-2.282660000000000000e+05
-1.150640000000000000e+05
-4.794000000000000000e+03
1.840060000000000000e+05
3.022010000000000000e+05
1.955150000000000000e+05
1.185650000000000000e+05
3.634300000000000000e+04
-8.255100000000000000e+04
-8.606100000000000000e+04
-1.285310000000000000e+05
-1.380260000000000000e+05
-5.643500000000000000e+04
-4.092700000000000000e+04
-3.980000000000000000e+02
-8.413400000000000000e+04
-1.859470000000000000e+05
-1.271180000000000000e+05
4.211100000000000000e+04
1.876870000000000000e+05
2.761250000000000000e+05
2.679730000000000000e+05
1.852560000000000000e+05
-1.805200000000000000e+04
-1.051870000000000000e+05
-1.657620000000000000e+05
-2.622810000000000000e+05
-1.570110000000000000e+05
-1.186200000000000000e+04
1.289810000000000000e+05
7.837700000000000000e+04
-4.833700000000000000e+04
-3.501900000000000000e+04
6.538000000000000000e+03
-2.459300000000000000e+04
7.630400000000000000e+04
9.014700000000000000e+04
9.657000000000000000e+04
1.185600000000000000e+05
-5.398400000000000000e+04
-2.183380000000000000e+05
-1.484720000000000000e+05
9.579200000000000000e+04
1.728180000000000000e+05
1.440740000000000000e+05
6.468200000000000000e+04
-7.426300000000000000e+04
-1.709600000000000000e+05
-1.325390000000000000e+05
-8.305200000000000000e+04
-6.413100000000000000e+04
-6.827300000000000000e+04
3.290000000000000000e+02
4.111000000000000000e+04
-4.612300000000000000e+04
1.533000000000000000e+04
1.262870000000000000e+05
9.206800000000000000e+04
-2.223600000000000000e+04
-1.039550000000000000e+05
-1.481670000000000000e+05
-1.261960000000000000e+05
1.888800000000000000e+04
1.690000000000000000e+05
1.931330000000000000e+05
6.493500000000000000e+04
-8.852200000000000000e+04
-1.346890000000000000e+05
-1.228450000000000000e+05
-1.392980000000000000e+05
-3.514100000000000000e+04
1.385040000000000000e+05
2.059840000000000000e+05
1.243700000000000000e+05
5.544000000000000000e+03
-1.491200000000000000e+04
4.907000000000000000e+03
-1.018410000000000000e+05
-1.305200000000000000e+05
-3.095800000000000000e+04
-1.402400000000000000e+04
-3.704600000000000000e+04
-2.067100000000000000e+04
3.084300000000000000e+04
9.738300000000000000e+04
1.852060000000000000e+05
1.972670000000000000e+05
6.211100000000000000e+04
-8.152200000000000000e+04
-2.272700000000000000e+05
-2.985880000000000000e+05
-1.437670000000000000e+05
8.081900000000000000e+04
1.395960000000000000e+05
3.280600000000000000e+04
-2.264200000000000000e+04
3.916700000000000000e+04
4.536300000000000000e+04
-1.689100000000000000e+04
-1.016000000000000000e+03
9.007000000000000000e+03
-5.289800000000000000e+04
-5.480900000000000000e+04
-7.454800000000000000e+04
-1.678840000000000000e+05
-1.914580000000000000e+05
-9.113300000000000000e+04
1.569500000000000000e+04
3.755300000000000000e+04
-9.960000000000000000e+02
3.848300000000000000e+04
9.457400000000000000e+04
7.783100000000000000e+04
1.774000000000000000e+03
-6.168100000000000000e+04
-1.317900000000000000e+05
-8.024600000000000000e+04
6.018100000000000000e+04
6.063800000000000000e+04
1.521800000000000000e+04
-2.135300000000000000e+04
2.534900000000000000e+04
6.403200000000000000e+04
1.556800000000000000e+04
-7.980400000000000000e+04
-1.441160000000000000e+05
-1.201880000000000000e+05
-7.044400000000000000e+04
-5.757200000000000000e+04
-5.120100000000000000e+04
4.640500000000000000e+04
1.497860000000000000e+05
2.140740000000000000e+05
2.251410000000000000e+05
6.196300000000000000e+04
-1.602290000000000000e+05
-1.703930000000000000e+05
5.629000000000000000e+03
8.117500000000000000e+04
-3.537000000000000000e+04
-1.538830000000000000e+05
-1.848330000000000000e+05
-1.101120000000000000e+05
4.812500000000000000e+04
1.158190000000000000e+05
8.432900000000000000e+04
7.894800000000000000e+04
7.129700000000000000e+04
6.643800000000000000e+04
-9.749000000000000000e+03
-4.272000000000000000e+04
-1.364600000000000000e+04
1.272300000000000000e+04
-1.785700000000000000e+04
-3.985400000000000000e+04
-8.537700000000000000e+04
-1.146300000000000000e+05
-6.339900000000000000e+04
6.973900000000000000e+04
7.811600000000000000e+04
-5.895200000000000000e+04
-1.183480000000000000e+05
-2.225600000000000000e+04
6.182600000000000000e+04
7.711600000000000000e+04
8.442600000000000000e+04
3.487600000000000000e+04
1.586100000000000000e+04
-1.227400000000000000e+04
2.910900000000000000e+04
1.156350000000000000e+05
1.771050000000000000e+05
2.164010000000000000e+05
1.860700000000000000e+05
5.753000000000000000e+04
-3.654800000000000000e+04
-7.501800000000000000e+04
-8.099900000000000000e+04
-3.349000000000000000e+03
1.040000000000000000e+05
2.162210000000000000e+05
2.980590000000000000e+05
2.599250000000000000e+05
2.280000000000000000e+05
1.948680000000000000e+05
1.637390000000000000e+05
1.212600000000000000e+05
1.340430000000000000e+05
1.452110000000000000e+05
1.136910000000000000e+05
-1.082500000000000000e+04
-1.853420000000000000e+05
-2.243520000000000000e+05
-1.159130000000000000e+05
6.355000000000000000e+04
1.157760000000000000e+05
4.648700000000000000e+04
-3.693500000000000000e+04
-1.062480000000000000e+05
-1.606760000000000000e+05
-1.613190000000000000e+05
-8.220900000000000000e+04
5.564500000000000000e+04
1.879890000000000000e+05
2.083050000000000000e+05
1.058180000000000000e+05
4.764500000000000000e+04
1.257800000000000000e+04
-3.689700000000000000e+04
-1.109590000000000000e+05
-2.067600000000000000e+05
-2.213400000000000000e+05
-1.931900000000000000e+05
-1.935440000000000000e+05
-3.273390000000000000e+05
-5.387280000000000000e+05
-6.123910000000000000e+05
-5.318970000000000000e+05
-4.344530000000000000e+05
-3.616760000000000000e+05
-2.930420000000000000e+05
-2.002310000000000000e+05
-2.097060000000000000e+05
-3.000710000000000000e+05
-4.010440000000000000e+05
-4.535760000000000000e+05
-4.078220000000000000e+05
-3.230810000000000000e+05
-2.372920000000000000e+05
-1.952200000000000000e+05
-2.263700000000000000e+05
-2.772230000000000000e+05
-2.517630000000000000e+05
-1.431820000000000000e+05
-2.854800000000000000e+04
6.090900000000000000e+04
1.956720000000000000e+05
3.730380000000000000e+05
4.914130000000000000e+05
4.771570000000000000e+05
3.596020000000000000e+05
3.284020000000000000e+05
4.148380000000000000e+05
4.988890000000000000e+05
5.648630000000000000e+05
6.389520000000000000e+05
6.478170000000000000e+05
5.366010000000000000e+05
4.129520000000000000e+05
3.278370000000000000e+05
2.110880000000000000e+05
1.153230000000000000e+05
9.146000000000000000e+04
3.180600000000000000e+04
-8.096900000000000000e+04
-1.939460000000000000e+05
-2.241310000000000000e+05
-1.862740000000000000e+05
-2.151280000000000000e+05
-2.999260000000000000e+05
-3.025610000000000000e+05
-1.938910000000000000e+05
2.193000000000000000e+03
1.776550000000000000e+05
1.557490000000000000e+05
-4.121900000000000000e+04
-1.444500000000000000e+05
-6.676500000000000000e+04
2.635500000000000000e+04
6.222600000000000000e+04
2.372200000000000000e+04
-1.093490000000000000e+05
-2.117360000000000000e+05
-1.700610000000000000e+05
3.392700000000000000e+04
1.759670000000000000e+05
1.474670000000000000e+05
2.091300000000000000e+04
-1.362280000000000000e+05
-2.122950000000000000e+05
-1.682620000000000000e+05
-1.057760000000000000e+05
-7.052100000000000000e+04
-1.190580000000000000e+05
-2.402980000000000000e+05
-2.825350000000000000e+05
-1.862350000000000000e+05
4.017000000000000000e+03
1.264730000000000000e+05
1.360940000000000000e+05
9.461800000000000000e+04
7.288400000000000000e+04
8.547900000000000000e+04
1.320290000000000000e+05
1.755410000000000000e+05
1.676760000000000000e+05
1.484240000000000000e+05
6.458300000000000000e+04
-8.683500000000000000e+04
-1.177900000000000000e+05
-8.548000000000000000e+03
1.228020000000000000e+05
1.798840000000000000e+05
1.753580000000000000e+05
9.055800000000000000e+04
5.432000000000000000e+03
-6.135100000000000000e+04
-6.209300000000000000e+04
-1.057000000000000000e+04
1.616600000000000000e+04
4.854000000000000000e+03
-6.926500000000000000e+04
-1.105830000000000000e+05
-2.202600000000000000e+04
8.531600000000000000e+04
7.516700000000000000e+04
-4.532300000000000000e+04
-1.703080000000000000e+05
-2.006080000000000000e+05
-1.594590000000000000e+05
-9.848100000000000000e+04
-2.041900000000000000e+04
4.335700000000000000e+04
7.601300000000000000e+04
8.250100000000000000e+04
4.795100000000000000e+04
6.331500000000000000e+04
1.529940000000000000e+05
2.684870000000000000e+05
2.984280000000000000e+05
2.254100000000000000e+05
6.645400000000000000e+04
-2.759000000000000000e+04
-5.041300000000000000e+04
-4.323100000000000000e+04
-7.423700000000000000e+04
-1.511070000000000000e+05
-2.013580000000000000e+05
-1.998800000000000000e+05
-1.694620000000000000e+05
-1.333740000000000000e+05
-1.037760000000000000e+05
-5.107100000000000000e+04
-6.192700000000000000e+04
