3.943000000000000000e+03
5.865000000000000000e+03
9.693000000000000000e+03
1.197500000000000000e+04
8.910000000000000000e+03
6.199000000000000000e+03
6.925000000000000000e+03
1.355500000000000000e+04
1.463400000000000000e+04
1.169800000000000000e+04
1.089400000000000000e+04
9.742000000000000000e+03
7.629000000000000000e+03
5.523000000000000000e+03
4.578000000000000000e+03
8.039000000000000000e+03
1.019300000000000000e+04
7.977000000000000000e+03
9.778000000000000000e+03
7.003000000000000000e+03
4.473000000000000000e+03
8.748000000000000000e+03
1.390400000000000000e+04
1.483100000000000000e+04
1.111200000000000000e+04
7.669000000000000000e+03
5.633000000000000000e+03
3.796000000000000000e+03
4.073000000000000000e+03
8.133000000000000000e+03
1.503200000000000000e+04
1.739900000000000000e+04
1.932500000000000000e+04
9.706000000000000000e+03
2.869000000000000000e+03
-1.160000000000000000e+03
-1.212000000000000000e+03
5.097000000000000000e+03
1.295100000000000000e+04
1.613400000000000000e+04
1.388600000000000000e+04
9.741000000000000000e+03
7.556000000000000000e+03
4.815000000000000000e+03
6.019000000000000000e+03
1.338800000000000000e+04
1.384700000000000000e+04
9.123000000000000000e+03
1.163300000000000000e+04
1.156000000000000000e+04
8.127000000000000000e+03
5.325000000000000000e+03
5.256000000000000000e+03
8.289000000000000000e+03
1.215000000000000000e+04
1.122400000000000000e+04
7.565000000000000000e+03
7.213000000000000000e+03
9.969000000000000000e+03
6.038600000000000000e+04
1.400770000000000000e+05
1.908400000000000000e+04
2.326780000000000000e+05
3.843520000000000000e+05
2.224990000000000000e+05
1.076810000000000000e+05
3.617910000000000000e+05
9.763330000000000000e+05
7.927940000000000000e+05
5.491130000000000000e+05
4.290740000000000000e+05
9.065610000000000000e+05
1.496200000000000000e+05
1.678402000000000000e+06
6.334700000000000000e+04
4.799150000000000000e+05
-4.677680000000000000e+05
4.180110000000000000e+05
-4.539940000000000000e+05
4.502400000000000000e+05
1.364710000000000000e+05
-1.310673000000000000e+06
-4.517760000000000000e+05
-2.223900000000000000e+04
-8.349160000000000000e+05
-4.318670000000000000e+05
4.041640000000000000e+05
-5.404800000000000000e+04
5.961120000000000000e+05
6.140180000000000000e+05
-2.962740000000000000e+05
1.158733000000000000e+06
2.880880000000000000e+05
1.568060000000000000e+06
-4.057920000000000000e+05
-2.329241000000000000e+06
-4.515115000000000000e+06
-4.000705000000000000e+06
-2.959300000000000000e+06
-1.971112000000000000e+06
-1.486045000000000000e+06
-1.086194000000000000e+06
-1.820959000000000000e+06
-4.105420000000000000e+05
-6.892520000000000000e+05
-1.796151000000000000e+06
-2.130400000000000000e+06
-2.228181000000000000e+06
-1.598420000000000000e+06
-2.352946000000000000e+06
-9.858180000000000000e+05
-2.604930000000000000e+05
-6.152780000000000000e+05
6.927960000000000000e+05
1.276358000000000000e+06
1.338789000000000000e+06
-8.390200000000000000e+04
1.953850000000000000e+05
1.688190000000000000e+05
3.767870000000000000e+05
2.395516000000000000e+06
2.101791000000000000e+06
1.681535000000000000e+06
2.953323000000000000e+06
3.657957000000000000e+06
2.726415000000000000e+06
2.304675000000000000e+06
1.887041000000000000e+06
2.557370000000000000e+06
2.084227000000000000e+06
2.021160000000000000e+06
2.491773000000000000e+06
1.628472000000000000e+06
2.025914000000000000e+06
1.120938000000000000e+06
1.476859000000000000e+06
3.089906000000000000e+06
3.099777000000000000e+06
2.341428000000000000e+06
1.933380000000000000e+06
3.673160000000000000e+05
3.570210000000000000e+05
1.990310000000000000e+05
-8.936290000000000000e+05
-3.025470000000000000e+05
-1.388859000000000000e+06
-2.091988000000000000e+06
-3.223997000000000000e+06
-3.253089000000000000e+06
-3.757699000000000000e+06
-3.909331000000000000e+06
-3.155180000000000000e+06
-2.243234000000000000e+06
-3.227615000000000000e+06
-2.185234000000000000e+06
-1.242575000000000000e+06
-8.069450000000000000e+05
-7.696680000000000000e+05
-1.017002000000000000e+06
-2.450910000000000000e+05
-7.091350000000000000e+05
-5.544350000000000000e+05
-9.410100000000000000e+04
2.002390000000000000e+05
1.748351000000000000e+06
1.202994000000000000e+06
2.951093000000000000e+06
3.404472000000000000e+06
1.766227000000000000e+06
3.183007000000000000e+06
8.268310000000000000e+05
1.357604000000000000e+06
1.519262000000000000e+06
5.464620000000000000e+05
5.120310000000000000e+05
2.382620000000000000e+05
-3.960030000000000000e+05
-4.337060000000000000e+05
-9.835910000000000000e+05
-9.371690000000000000e+05
-7.311800000000000000e+05
-1.079547000000000000e+06
-1.701105000000000000e+06
-1.152615000000000000e+06
-4.699930000000000000e+05
-2.217700000000000000e+05
-3.139550000000000000e+05
1.674610000000000000e+05
5.458570000000000000e+05
-3.714700000000000000e+04
4.267960000000000000e+05
1.250540000000000000e+05
5.092980000000000000e+05
5.847110000000000000e+05
7.547000000000000000e+03
-7.028400000000000000e+04
7.118300000000000000e+04
-2.080710000000000000e+05
8.348000000000000000e+03
7.921400000000000000e+04
8.275400000000000000e+05
-3.325520000000000000e+05
-6.227410000000000000e+05
-2.208121000000000000e+06
-2.628157000000000000e+06
-1.338216000000000000e+06
-7.734470000000000000e+05
-1.262319000000000000e+06
-1.252989000000000000e+06
-7.074070000000000000e+05
-2.353350000000000000e+05
3.361550000000000000e+05
-6.017930000000000000e+05
-2.097800000000000000e+04
1.064053000000000000e+06
5.072630000000000000e+05
1.745415000000000000e+06
1.823394000000000000e+06
2.733281000000000000e+06
2.515939000000000000e+06
3.040706000000000000e+06
3.873774000000000000e+06
2.915992000000000000e+06
1.992651000000000000e+06
5.771120000000000000e+05
-1.708420000000000000e+05
-5.421880000000000000e+05
-1.433769000000000000e+06
-1.806488000000000000e+06
-2.120017000000000000e+06
-2.339486000000000000e+06
-2.707254000000000000e+06
-2.115239000000000000e+06
-2.007282000000000000e+06
-3.301716000000000000e+06
-3.113285000000000000e+06
-1.613664000000000000e+06
-6.969710000000000000e+05
-1.276840000000000000e+06
-1.001662000000000000e+06
-2.712590000000000000e+05
-9.109600000000000000e+04
1.318545000000000000e+06
1.998286000000000000e+06
2.924737000000000000e+06
3.028540000000000000e+06
2.931959000000000000e+06
2.766051000000000000e+06
1.678264000000000000e+06
-4.144100000000000000e+05
-1.381392000000000000e+06
-7.362040000000000000e+05
-2.859830000000000000e+05
-3.690680000000000000e+05
-1.451405000000000000e+06
-1.790148000000000000e+06
-2.228749000000000000e+06
-2.608667000000000000e+06
-3.625714000000000000e+06
-2.031899000000000000e+06
-1.464854000000000000e+06
8.817040000000000000e+05
9.378660000000000000e+05
1.256194000000000000e+06
1.241979000000000000e+06
1.841437000000000000e+06
3.547582000000000000e+06
4.128385000000000000e+06
5.651528000000000000e+06
6.989058000000000000e+06
7.918314000000000000e+06
8.134594000000000000e+06
8.618996000000000000e+06
6.861164000000000000e+06
5.677862000000000000e+06
5.776454000000000000e+06
5.948935000000000000e+06
6.219994000000000000e+06
4.228867000000000000e+06
2.621824000000000000e+06
2.895990000000000000e+05
-2.186794000000000000e+06
-3.699591000000000000e+06
-4.135237000000000000e+06
-5.258130000000000000e+06
-5.387437000000000000e+06
-5.047014000000000000e+06
-5.567878000000000000e+06
-4.422867000000000000e+06
-2.596861000000000000e+06
7.224170000000000000e+05
1.006805000000000000e+06
2.228591000000000000e+06
3.223524000000000000e+06
3.861299000000000000e+06
3.734114000000000000e+06
2.842700000000000000e+06
2.107327000000000000e+06
5.601030000000000000e+05
1.297446000000000000e+06
9.887500000000000000e+04
-3.822506000000000000e+06
-7.287906000000000000e+06
-9.571169000000000000e+06
-1.005898800000000000e+07
-9.425175000000000000e+06
-8.827407000000000000e+06
-8.272070000000000000e+06
-8.193972000000000000e+06
-8.359832000000000000e+06
-8.482084000000000000e+06
-9.162250000000000000e+06
-7.576538000000000000e+06
-6.579817000000000000e+06
-5.779890000000000000e+06
-6.667516000000000000e+06
-8.119738000000000000e+06
-8.903232000000000000e+06
-1.102464300000000000e+07
-1.047914400000000000e+07
-8.892196000000000000e+06
-6.527610000000000000e+06
-4.961385000000000000e+06
-3.609520000000000000e+06
-8.490020000000000000e+05
1.545491000000000000e+06
2.380852000000000000e+06
4.830015000000000000e+06
6.714260000000000000e+06
9.838246000000000000e+06
1.326359700000000000e+07
1.575823800000000000e+07
1.651077600000000000e+07
1.593637400000000000e+07
1.555085600000000000e+07
1.519187500000000000e+07
1.406016700000000000e+07
1.064605100000000000e+07
8.825674000000000000e+06
6.261226000000000000e+06
3.072073000000000000e+06
2.356600000000000000e+04
-3.225641000000000000e+06
-5.561640000000000000e+06
-7.918207000000000000e+06
-8.455490000000000000e+06
-9.172194000000000000e+06
-1.031621800000000000e+07
-9.493416000000000000e+06
-7.388212000000000000e+06
-4.185127000000000000e+06
-2.236869000000000000e+06
-6.676940000000000000e+05
1.521918000000000000e+06
5.341455000000000000e+06
8.251720000000000000e+06
9.167873000000000000e+06
9.560894000000000000e+06
1.155274300000000000e+07
1.308609800000000000e+07
1.283167700000000000e+07
1.077034500000000000e+07
8.014870000000000000e+06
5.757575000000000000e+06
3.582422000000000000e+06
1.024808000000000000e+06
-1.179134000000000000e+06
-5.541187000000000000e+06
-8.406953000000000000e+06
-1.050184900000000000e+07
-1.182962900000000000e+07
-1.267899300000000000e+07
-1.413518400000000000e+07
-1.487324600000000000e+07
-1.395935000000000000e+07
-1.113601000000000000e+07
-7.171568000000000000e+06
-3.296306000000000000e+06
1.197350000000000000e+05
3.500595000000000000e+06
6.834203000000000000e+06
8.560377000000000000e+06
9.600582000000000000e+06
9.550441000000000000e+06
9.882899000000000000e+06
1.134623400000000000e+07
1.224130900000000000e+07
1.077502900000000000e+07
6.578186000000000000e+06
9.582470000000000000e+05
-2.261272000000000000e+06
-4.197343000000000000e+06
-5.654911000000000000e+06
-7.851619000000000000e+06
-9.140766000000000000e+06
-9.164370000000000000e+06
-7.008246000000000000e+06
-3.463910000000000000e+06
-5.840600000000000000e+05
5.379220000000000000e+05
2.024694000000000000e+06
5.213003000000000000e+06
7.448883000000000000e+06
7.552790000000000000e+06
6.571570000000000000e+06
4.832559000000000000e+06
3.538734000000000000e+06
7.841470000000000000e+05
-2.207884000000000000e+06
-5.380310000000000000e+06
-7.896092000000000000e+06
-9.129357000000000000e+06
-8.094077000000000000e+06
-7.060451000000000000e+06
-6.235918000000000000e+06
-5.452502000000000000e+06
-2.806754000000000000e+06
2.007714000000000000e+06
5.740270000000000000e+06
8.018498000000000000e+06
1.020663400000000000e+07
1.131212800000000000e+07
1.078048800000000000e+07
9.195479000000000000e+06
7.120746000000000000e+06
4.181473000000000000e+06
-5.618240000000000000e+05
-5.159636000000000000e+06
-9.587507000000000000e+06
-1.239435200000000000e+07
-1.353991600000000000e+07
-1.429363400000000000e+07
-1.401483500000000000e+07
-1.128734400000000000e+07
-6.481955000000000000e+06
-2.176846000000000000e+06
9.519880000000000000e+05
4.211997000000000000e+06
8.966497000000000000e+06
1.373669900000000000e+07
1.637889100000000000e+07
1.740109600000000000e+07
1.644970200000000000e+07
1.340404000000000000e+07
8.466052000000000000e+06
2.333476000000000000e+06
-3.891191000000000000e+06
-9.467175000000000000e+06
-1.366371000000000000e+07
-1.578754400000000000e+07
-1.482687600000000000e+07
-1.304105500000000000e+07
-1.099581200000000000e+07
-8.528822000000000000e+06
-5.554780000000000000e+06
-2.632189000000000000e+06
-1.949870000000000000e+05
2.618978000000000000e+06
5.732978000000000000e+06
8.642758000000000000e+06
1.038605400000000000e+07
1.152499100000000000e+07
1.178103700000000000e+07
9.810467000000000000e+06
6.115392000000000000e+06
3.925505000000000000e+06
2.716429000000000000e+06
1.210709000000000000e+06
-1.375984000000000000e+06
-3.739979000000000000e+06
-5.575097000000000000e+06
-6.557279000000000000e+06
-7.656610000000000000e+06
-9.470133000000000000e+06
-1.114911300000000000e+07
-1.048865900000000000e+07
-8.295427000000000000e+06
-5.787682000000000000e+06
-3.269654000000000000e+06
-5.927820000000000000e+05
3.200435000000000000e+06
6.776970000000000000e+06
9.569378000000000000e+06
1.149424300000000000e+07
1.259724800000000000e+07
1.139314300000000000e+07
8.993680000000000000e+06
6.812112000000000000e+06
4.637849000000000000e+06
1.125523000000000000e+06
-3.338795000000000000e+06
-7.445194000000000000e+06
-1.037197500000000000e+07
-1.194162700000000000e+07
-1.187189000000000000e+07
-1.034295100000000000e+07
-7.873117000000000000e+06
-4.837847000000000000e+06
-8.726150000000000000e+05
2.896038000000000000e+06
5.934698000000000000e+06
7.585511000000000000e+06
8.730749000000000000e+06
1.062043100000000000e+07
1.149099600000000000e+07
9.828107000000000000e+06
6.514823000000000000e+06
2.807041000000000000e+06
-1.043746000000000000e+06
-5.742682000000000000e+06
-9.999351000000000000e+06
-1.175796200000000000e+07
-1.119868400000000000e+07
-8.853142000000000000e+06
-5.861520000000000000e+06
-3.080797000000000000e+06
-7.118550000000000000e+05
1.625038000000000000e+06
4.303647000000000000e+06
6.665814000000000000e+06
7.553935000000000000e+06
5.997229000000000000e+06
3.659274000000000000e+06
9.871050000000000000e+05
-1.091724000000000000e+06
-1.945224000000000000e+06
-1.611974000000000000e+06
-5.673130000000000000e+05
3.478460000000000000e+05
1.748845000000000000e+06
2.498573000000000000e+06
1.520953000000000000e+06
-4.552200000000000000e+05
-2.296833000000000000e+06
-2.604264000000000000e+06
-1.827874000000000000e+06
-1.939801000000000000e+06
-3.608063000000000000e+06
-5.048157000000000000e+06
-4.802412000000000000e+06
-2.701803000000000000e+06
-6.995530000000000000e+05
2.339921000000000000e+06
5.927101000000000000e+06
9.075248000000000000e+06
1.145005100000000000e+07
1.205382800000000000e+07
1.025416200000000000e+07
5.996646000000000000e+06
6.381130000000000000e+05
-4.272596000000000000e+06
-8.502944000000000000e+06
-1.259384300000000000e+07
-1.585639500000000000e+07
-1.755722100000000000e+07
-1.704113800000000000e+07
-1.274638500000000000e+07
-5.362507000000000000e+06
3.813206000000000000e+06
1.279361500000000000e+07
1.861846400000000000e+07
2.056065500000000000e+07
1.890139400000000000e+07
1.417950300000000000e+07
7.679508000000000000e+06
3.680380000000000000e+05
-6.290458000000000000e+06
-1.028515700000000000e+07
-1.137217200000000000e+07
-1.048184200000000000e+07
-9.154599000000000000e+06
-7.184560000000000000e+06
-4.301770000000000000e+06
-1.177953000000000000e+06
2.095627000000000000e+06
4.972557000000000000e+06
5.878198000000000000e+06
4.643620000000000000e+06
2.944114000000000000e+06
1.716597000000000000e+06
1.197339000000000000e+06
6.490790000000000000e+05
-3.205740000000000000e+05
-6.246720000000000000e+05
-2.118550000000000000e+05
2.961480000000000000e+05
3.152250000000000000e+05
-4.107300000000000000e+04
-1.029487000000000000e+06
-2.088792000000000000e+06
-2.934688000000000000e+06
-2.987407000000000000e+06
-2.544269000000000000e+06
-2.542860000000000000e+06
-2.550929000000000000e+06
-1.627101000000000000e+06
3.931590000000000000e+05
2.643816000000000000e+06
4.523432000000000000e+06
6.466618000000000000e+06
7.443718000000000000e+06
6.556272000000000000e+06
4.020627000000000000e+06
3.059130000000000000e+05
-3.256333000000000000e+06
-5.427440000000000000e+06
-6.780645000000000000e+06
-7.443057000000000000e+06
-6.532480000000000000e+06
-3.877662000000000000e+06
3.516280000000000000e+05
4.424689000000000000e+06
6.999043000000000000e+06
8.104684000000000000e+06
7.513525000000000000e+06
5.640996000000000000e+06
2.617340000000000000e+06
-1.413167000000000000e+06
-5.461917000000000000e+06
-8.118601000000000000e+06
-9.010559000000000000e+06
-8.621883000000000000e+06
-6.878028000000000000e+06
-3.875542000000000000e+06
9.971400000000000000e+05
6.534677000000000000e+06
1.065357300000000000e+07
1.147075800000000000e+07
9.506549000000000000e+06
5.740350000000000000e+06
1.122693000000000000e+06
-3.549695000000000000e+06
-6.860997000000000000e+06
-8.338020000000000000e+06
-8.088663000000000000e+06
-6.276380000000000000e+06
-3.848635000000000000e+06
-1.490210000000000000e+06
6.735920000000000000e+05
2.764260000000000000e+06
5.052909000000000000e+06
7.500912000000000000e+06
9.095993000000000000e+06
8.462908000000000000e+06
5.450384000000000000e+06
3.816270000000000000e+05
-5.082290000000000000e+06
-8.951375000000000000e+06
-1.105440900000000000e+07
-1.145127500000000000e+07
-9.580325000000000000e+06
-5.574587000000000000e+06
-9.001560000000000000e+05
3.473494000000000000e+06
7.356140000000000000e+06
9.848750000000000000e+06
1.059662800000000000e+07
9.789827000000000000e+06
7.224294000000000000e+06
3.534861000000000000e+06
