3.760000000000000000e+02
9.000000000000000000e+00
2.270000000000000000e+02
1.005000000000000000e+03
7.890000000000000000e+02
8.800000000000000000e+01
2.590000000000000000e+02
5.490000000000000000e+02
7.870000000000000000e+02
9.510000000000000000e+02
3.230000000000000000e+02
3.970000000000000000e+02
4.760000000000000000e+02
6.750000000000000000e+02
8.810000000000000000e+02
1.840000000000000000e+02
1.390000000000000000e+02
4.160000000000000000e+02
1.286000000000000000e+03
7.780000000000000000e+02
7.280000000000000000e+02
1.900000000000000000e+02
2.790000000000000000e+02
3.980000000000000000e+02
8.180000000000000000e+02
6.890000000000000000e+02
1.520000000000000000e+02
5.600000000000000000e+01
1.620000000000000000e+02
1.226000000000000000e+03
1.160000000000000000e+03
1.109000000000000000e+03
5.030000000000000000e+02
-5.970000000000000000e+02
-2.910000000000000000e+02
1.760000000000000000e+02
-1.460000000000000000e+02
4.480000000000000000e+02
2.000000000000000000e+00
8.690000000000000000e+02
8.540000000000000000e+02
8.400000000000000000e+02
1.740000000000000000e+02
5.420000000000000000e+02
4.060000000000000000e+02
5.630000000000000000e+02
6.100000000000000000e+01
0.000000000000000000e+00
8.930000000000000000e+02
7.260000000000000000e+02
-4.090000000000000000e+02
1.760000000000000000e+02
6.760000000000000000e+02
1.190000000000000000e+03
5.040000000000000000e+02
-4.600000000000000000e+01
1.800000000000000000e+02
3.210000000000000000e+02
2.094000000000000000e+03
3.901000000000000000e+03
9.374000000000000000e+03
2.057600000000000000e+04
9.041000000000000000e+03
1.557900000000000000e+04
1.101900000000000000e+04
3.086100000000000000e+04
3.062800000000000000e+04
6.406000000000000000e+03
-2.861000000000000000e+03
1.907400000000000000e+04
1.496000000000000000e+04
1.088900000000000000e+04
2.207100000000000000e+04
6.037600000000000000e+04
3.484000000000000000e+04
7.401900000000000000e+04
3.918600000000000000e+04
5.236400000000000000e+04
1.904000000000000000e+03
-5.200200000000000000e+04
-2.973600000000000000e+04
-4.557800000000000000e+04
-6.130400000000000000e+04
8.398000000000000000e+03
3.403700000000000000e+04
6.893000000000000000e+03
2.694700000000000000e+04
5.855000000000000000e+04
9.030000000000000000e+02
-4.501400000000000000e+04
-1.607900000000000000e+04
-3.135700000000000000e+04
1.241000000000000000e+03
3.074600000000000000e+04
4.401800000000000000e+04
1.081250000000000000e+05
9.167400000000000000e+04
-1.068000000000000000e+03
-2.980200000000000000e+04
-1.013180000000000000e+05
-1.714320000000000000e+05
-1.350930000000000000e+05
-1.063550000000000000e+05
-5.694800000000000000e+04
9.003000000000000000e+03
-6.091300000000000000e+04
1.255000000000000000e+03
2.712000000000000000e+03
1.507000000000000000e+04
-6.094600000000000000e+04
-1.312720000000000000e+05
-1.535280000000000000e+05
-9.063200000000000000e+04
-2.678100000000000000e+04
3.014500000000000000e+04
3.201200000000000000e+04
-2.882900000000000000e+04
-3.014300000000000000e+04
-7.066100000000000000e+04
-8.108100000000000000e+04
-1.443010000000000000e+05
-7.615700000000000000e+04
-3.606800000000000000e+04
4.946000000000000000e+03
1.082800000000000000e+04
1.951900000000000000e+04
9.067000000000000000e+03
-5.558600000000000000e+04
-2.497400000000000000e+04
-3.041800000000000000e+04
-4.878900000000000000e+04
4.885300000000000000e+04
6.581000000000000000e+04
7.967500000000000000e+04
8.332600000000000000e+04
1.054620000000000000e+05
1.609930000000000000e+05
1.789680000000000000e+05
1.976740000000000000e+05
1.555190000000000000e+05
6.777800000000000000e+04
-3.986000000000000000e+03
1.391600000000000000e+04
7.235400000000000000e+04
6.796600000000000000e+04
3.846700000000000000e+04
3.611200000000000000e+04
-1.084900000000000000e+04
-7.160600000000000000e+04
-1.099470000000000000e+05
-8.515400000000000000e+04
-6.089000000000000000e+04
-1.366500000000000000e+04
-9.394800000000000000e+04
-1.339910000000000000e+05
-1.384880000000000000e+05
-3.755300000000000000e+04
-1.906900000000000000e+04
-1.956100000000000000e+04
-2.973300000000000000e+04
-3.761500000000000000e+04
5.060000000000000000e+02
-2.743700000000000000e+04
-2.480800000000000000e+04
4.368600000000000000e+04
5.936600000000000000e+04
4.292600000000000000e+04
9.143000000000000000e+03
2.218000000000000000e+04
6.765700000000000000e+04
3.488400000000000000e+04
-2.618100000000000000e+04
-2.114100000000000000e+04
-6.660000000000000000e+02
1.094600000000000000e+04
-3.138400000000000000e+04
-5.290700000000000000e+04
-6.599600000000000000e+04
-5.024200000000000000e+04
-9.982000000000000000e+03
2.924000000000000000e+04
6.217600000000000000e+04
6.704400000000000000e+04
3.142000000000000000e+04
-1.294700000000000000e+04
-1.414300000000000000e+04
2.767600000000000000e+04
6.449800000000000000e+04
1.040400000000000000e+05
4.659900000000000000e+04
3.056600000000000000e+04
8.526000000000000000e+03
1.724900000000000000e+04
9.512000000000000000e+03
2.520000000000000000e+02
3.077400000000000000e+04
-2.749800000000000000e+04
-1.029310000000000000e+05
-1.065830000000000000e+05
-1.571700000000000000e+04
9.298300000000000000e+04
2.763600000000000000e+04
2.779100000000000000e+04
-4.476000000000000000e+03
-1.061500000000000000e+04
-3.924700000000000000e+04
-5.372900000000000000e+04
8.654000000000000000e+03
4.077700000000000000e+04
1.867900000000000000e+04
-6.988100000000000000e+04
-7.294600000000000000e+04
-3.250000000000000000e+02
3.253100000000000000e+04
1.116000000000000000e+05
8.296400000000000000e+04
-3.936700000000000000e+04
-1.005770000000000000e+05
-1.214480000000000000e+05
-9.605600000000000000e+04
-3.855000000000000000e+03
1.890400000000000000e+04
4.656900000000000000e+04
3.728500000000000000e+04
-5.900000000000000000e+02
-7.374000000000000000e+04
-9.186000000000000000e+04
2.057600000000000000e+04
-2.096500000000000000e+04
9.283000000000000000e+03
2.656300000000000000e+04
-1.283900000000000000e+04
-4.286200000000000000e+04
-1.019920000000000000e+05
-7.007300000000000000e+04
-1.902700000000000000e+04
-1.027680000000000000e+05
-1.421750000000000000e+05
-8.281400000000000000e+04
-5.869000000000000000e+03
2.769600000000000000e+04
4.932500000000000000e+04
3.598800000000000000e+04
-1.795700000000000000e+04
-4.343800000000000000e+04
4.193800000000000000e+04
8.059000000000000000e+04
9.838900000000000000e+04
1.545840000000000000e+05
1.741880000000000000e+05
1.193080000000000000e+05
7.006700000000000000e+04
7.354200000000000000e+04
2.375000000000000000e+04
5.723300000000000000e+04
1.590940000000000000e+05
1.534380000000000000e+05
1.059700000000000000e+04
-1.836000000000000000e+04
6.536400000000000000e+04
7.691600000000000000e+04
4.339300000000000000e+04
1.514530000000000000e+05
1.518810000000000000e+05
8.719400000000000000e+04
6.216500000000000000e+04
1.406680000000000000e+05
1.590020000000000000e+05
2.061360000000000000e+05
2.373690000000000000e+05
1.385190000000000000e+05
-2.576600000000000000e+04
-9.407000000000000000e+03
1.578000000000000000e+04
-7.288700000000000000e+04
-1.410900000000000000e+04
7.216400000000000000e+04
1.020200000000000000e+04
1.247600000000000000e+04
4.610000000000000000e+04
7.380800000000000000e+04
5.077100000000000000e+04
4.249900000000000000e+04
9.080800000000000000e+04
1.612090000000000000e+05
2.314730000000000000e+05
2.319350000000000000e+05
1.871060000000000000e+05
1.985980000000000000e+05
1.460260000000000000e+05
1.015050000000000000e+05
1.641800000000000000e+05
2.054020000000000000e+05
1.234230000000000000e+05
6.498700000000000000e+04
7.689600000000000000e+04
4.162500000000000000e+04
4.416400000000000000e+04
9.914600000000000000e+04
1.567210000000000000e+05
-2.948200000000000000e+04
-1.577650000000000000e+05
-1.586370000000000000e+05
-1.903710000000000000e+05
-2.958970000000000000e+05
-3.520400000000000000e+05
-3.431800000000000000e+05
-4.031990000000000000e+05
-4.690690000000000000e+05
-4.288490000000000000e+05
-3.821450000000000000e+05
-3.736700000000000000e+05
-3.591730000000000000e+05
-4.025050000000000000e+05
-5.296930000000000000e+05
-6.798240000000000000e+05
-7.925330000000000000e+05
-7.906380000000000000e+05
-7.275600000000000000e+05
-5.404640000000000000e+05
-2.793150000000000000e+05
-9.809700000000000000e+04
3.764600000000000000e+04
1.407230000000000000e+05
3.378240000000000000e+05
5.665370000000000000e+05
7.154110000000000000e+05
7.849680000000000000e+05
8.485430000000000000e+05
8.027350000000000000e+05
7.116320000000000000e+05
6.202510000000000000e+05
4.893550000000000000e+05
2.612190000000000000e+05
5.579100000000000000e+04
-1.306650000000000000e+05
-3.828970000000000000e+05
-5.555870000000000000e+05
-6.809110000000000000e+05
-8.440240000000000000e+05
-8.802320000000000000e+05
-8.785820000000000000e+05
-7.858990000000000000e+05
-5.722450000000000000e+05
-3.425150000000000000e+05
-1.444110000000000000e+05
1.085000000000000000e+05
4.330830000000000000e+05
6.216870000000000000e+05
7.265020000000000000e+05
8.154920000000000000e+05
7.056060000000000000e+05
6.051290000000000000e+05
5.794620000000000000e+05
5.285610000000000000e+05
4.469560000000000000e+05
2.882310000000000000e+05
-1.488000000000000000e+04
-3.039610000000000000e+05
-5.286940000000000000e+05
-6.750120000000000000e+05
-7.826040000000000000e+05
-7.743610000000000000e+05
-5.967070000000000000e+05
-3.449180000000000000e+05
-8.626000000000000000e+04
1.890740000000000000e+05
4.383200000000000000e+05
5.252840000000000000e+05
5.780060000000000000e+05
5.995220000000000000e+05
5.192100000000000000e+05
3.763080000000000000e+05
2.821190000000000000e+05
1.539450000000000000e+05
1.865700000000000000e+04
-2.447700000000000000e+04
-7.362500000000000000e+04
-1.272290000000000000e+05
-1.792970000000000000e+05
-3.343170000000000000e+05
-5.660990000000000000e+05
-7.145260000000000000e+05
-7.381160000000000000e+05
-6.072420000000000000e+05
-3.368070000000000000e+05
7.137900000000000000e+04
3.943900000000000000e+05
5.435910000000000000e+05
6.338940000000000000e+05
5.716710000000000000e+05
3.938640000000000000e+05
1.849100000000000000e+05
6.195100000000000000e+04
2.873800000000000000e+04
-2.093300000000000000e+04
-7.633600000000000000e+04
-1.438640000000000000e+05
-2.872300000000000000e+05
-3.448580000000000000e+05
-2.255750000000000000e+05
-5.901100000000000000e+04
5.224700000000000000e+04
6.269900000000000000e+04
4.424000000000000000e+03
-5.190400000000000000e+04
-5.642600000000000000e+04
4.185000000000000000e+03
1.795950000000000000e+05
3.255480000000000000e+05
2.970920000000000000e+05
7.142700000000000000e+04
-7.639000000000000000e+04
-5.664400000000000000e+04
-4.235000000000000000e+04
-1.406700000000000000e+04
7.947500000000000000e+04
1.647920000000000000e+05
2.048570000000000000e+05
1.754800000000000000e+05
9.633300000000000000e+04
4.286000000000000000e+03
-5.625500000000000000e+04
-1.166090000000000000e+05
-1.972390000000000000e+05
-2.240560000000000000e+05
-1.186590000000000000e+05
5.864700000000000000e+04
1.222280000000000000e+05
8.902000000000000000e+03
-1.274500000000000000e+05
-1.410280000000000000e+05
-9.330100000000000000e+04
-3.886300000000000000e+04
3.950900000000000000e+04
1.373470000000000000e+05
1.498460000000000000e+05
6.932700000000000000e+04
2.785000000000000000e+04
5.059000000000000000e+04
7.848600000000000000e+04
6.428200000000000000e+04
8.258800000000000000e+04
1.390630000000000000e+05
1.606710000000000000e+05
1.036060000000000000e+05
7.636900000000000000e+04
5.456600000000000000e+04
1.215600000000000000e+04
-3.682600000000000000e+04
-8.956900000000000000e+04
-9.362700000000000000e+04
-9.558000000000000000e+04
-1.228910000000000000e+05
-1.521310000000000000e+05
-1.389210000000000000e+05
-1.316180000000000000e+05
-1.928700000000000000e+05
-2.672390000000000000e+05
-1.961840000000000000e+05
2.169200000000000000e+04
1.657370000000000000e+05
1.721050000000000000e+05
1.426210000000000000e+05
1.574680000000000000e+05
1.410100000000000000e+05
5.158200000000000000e+04
2.772400000000000000e+04
1.471900000000000000e+05
2.869300000000000000e+05
3.209050000000000000e+05
2.266240000000000000e+05
4.298900000000000000e+04
-1.661920000000000000e+05
-3.190150000000000000e+05
-3.814820000000000000e+05
-3.923890000000000000e+05
-3.141280000000000000e+05
-1.373270000000000000e+05
9.596900000000000000e+04
2.835430000000000000e+05
3.480790000000000000e+05
3.202970000000000000e+05
2.311640000000000000e+05
1.289500000000000000e+05
6.179000000000000000e+03
-1.239150000000000000e+05
-2.089100000000000000e+05
-1.912640000000000000e+05
-1.609840000000000000e+05
-1.316370000000000000e+05
-4.896700000000000000e+04
7.910100000000000000e+04
1.501750000000000000e+05
1.315850000000000000e+05
1.124880000000000000e+05
7.112600000000000000e+04
3.085900000000000000e+04
-1.766400000000000000e+04
-1.055150000000000000e+05
-2.169370000000000000e+05
-3.120550000000000000e+05
-2.989920000000000000e+05
-1.938740000000000000e+05
-4.811000000000000000e+04
1.321710000000000000e+05
2.719640000000000000e+05
3.206190000000000000e+05
3.359480000000000000e+05
3.002700000000000000e+05
1.734530000000000000e+05
-2.800400000000000000e+04
-1.998330000000000000e+05
-2.959410000000000000e+05
-3.141630000000000000e+05
-2.520360000000000000e+05
-1.364060000000000000e+05
-1.630800000000000000e+04
7.647700000000000000e+04
7.910600000000000000e+04
4.020500000000000000e+04
5.174200000000000000e+04
8.706200000000000000e+04
5.128200000000000000e+04
1.641500000000000000e+04
6.823500000000000000e+04
1.710870000000000000e+05
2.062830000000000000e+05
1.526080000000000000e+05
8.335100000000000000e+04
4.235600000000000000e+04
-1.185500000000000000e+04
-1.246420000000000000e+05
-2.677860000000000000e+05
-4.094010000000000000e+05
-4.757210000000000000e+05
-3.812360000000000000e+05
-1.865090000000000000e+05
7.000000000000000000e+00
1.736730000000000000e+05
2.979410000000000000e+05
3.240290000000000000e+05
2.542170000000000000e+05
1.178080000000000000e+05
2.813300000000000000e+04
6.448800000000000000e+04
1.680460000000000000e+05
2.504670000000000000e+05
2.280260000000000000e+05
1.266360000000000000e+05
-5.174700000000000000e+04
-2.561570000000000000e+05
-3.588620000000000000e+05
-3.075540000000000000e+05
-1.501500000000000000e+05
-2.243100000000000000e+04
1.883900000000000000e+04
-2.970200000000000000e+04
-3.405000000000000000e+04
2.907400000000000000e+04
9.096900000000000000e+04
1.230820000000000000e+05
9.894800000000000000e+04
2.738200000000000000e+04
-5.864700000000000000e+04
-1.252310000000000000e+05
-8.523500000000000000e+04
8.573400000000000000e+04
2.388570000000000000e+05
2.163600000000000000e+05
3.318500000000000000e+04
-1.861690000000000000e+05
-3.314620000000000000e+05
-3.229930000000000000e+05
-1.674510000000000000e+05
4.268000000000000000e+03
1.098990000000000000e+05
1.595650000000000000e+05
2.382760000000000000e+05
3.668370000000000000e+05
3.959850000000000000e+05
2.435870000000000000e+05
-7.641900000000000000e+04
-4.157190000000000000e+05
-5.473070000000000000e+05
-4.490110000000000000e+05
-2.218690000000000000e+05
4.051000000000000000e+03
1.629510000000000000e+05
2.732420000000000000e+05
3.129900000000000000e+05
2.881380000000000000e+05
2.064890000000000000e+05
6.397700000000000000e+04
-8.549300000000000000e+04
-1.814590000000000000e+05
-1.993600000000000000e+05
-1.549400000000000000e+05
-7.064900000000000000e+04
2.874400000000000000e+04
1.101990000000000000e+05
1.475710000000000000e+05
8.522300000000000000e+04
-5.792700000000000000e+04
-1.607090000000000000e+05
-1.484410000000000000e+05
-6.591000000000000000e+04
-2.326000000000000000e+03
1.463600000000000000e+04
1.988100000000000000e+04
-2.161300000000000000e+04
-8.527400000000000000e+04
-3.948200000000000000e+04
1.189150000000000000e+05
2.313740000000000000e+05
1.952680000000000000e+05
4.564700000000000000e+04
-1.110590000000000000e+05
-2.053640000000000000e+05
-2.003140000000000000e+05
-9.981500000000000000e+04
2.950500000000000000e+04
1.192930000000000000e+05
1.692590000000000000e+05
1.892420000000000000e+05
1.809560000000000000e+05
1.463130000000000000e+05
1.188010000000000000e+05
6.137100000000000000e+04
-6.097000000000000000e+04
-2.014060000000000000e+05
-3.036350000000000000e+05
-3.376310000000000000e+05
-3.213560000000000000e+05
-2.419670000000000000e+05
-1.194260000000000000e+05
1.299100000000000000e+04
1.607810000000000000e+05
2.888300000000000000e+05
3.396670000000000000e+05
3.307020000000000000e+05
3.004110000000000000e+05
2.246730000000000000e+05
5.523400000000000000e+04
-1.459900000000000000e+05
-2.474310000000000000e+05
-1.973970000000000000e+05
-5.301100000000000000e+04
7.909900000000000000e+04
8.692300000000000000e+04
-3.411500000000000000e+04
-1.967290000000000000e+05
-2.892980000000000000e+05
-2.347020000000000000e+05
-3.360800000000000000e+04
2.200840000000000000e+05
3.600630000000000000e+05
2.984730000000000000e+05
1.080660000000000000e+05
-8.615600000000000000e+04
