-9.310000000000000000e+02
-1.090000000000000000e+02
-4.190000000000000000e+02
7.470000000000000000e+02
1.596000000000000000e+03
-6.470000000000000000e+02
-1.337000000000000000e+03
-5.930000000000000000e+02
2.450000000000000000e+02
1.097000000000000000e+03
1.038000000000000000e+03
4.080000000000000000e+02
1.350000000000000000e+02
-1.105000000000000000e+03
6.010000000000000000e+02
9.500000000000000000e+01
-1.490000000000000000e+02
2.510000000000000000e+02
-2.150000000000000000e+02
8.560000000000000000e+02
1.353000000000000000e+03
-9.850000000000000000e+02
-1.548000000000000000e+03
-3.350000000000000000e+02
1.328000000000000000e+03
4.750000000000000000e+02
7.090000000000000000e+02
7.120000000000000000e+02
-4.800000000000000000e+02
-3.530000000000000000e+02
1.040000000000000000e+02
-5.200000000000000000e+02
-9.600000000000000000e+01
7.540000000000000000e+02
8.900000000000000000e+01
-3.130000000000000000e+02
1.088000000000000000e+03
8.040000000000000000e+02
-7.570000000000000000e+02
-5.730000000000000000e+02
-1.050000000000000000e+02
9.690000000000000000e+02
4.830000000000000000e+02
-9.000000000000000000e+01
-4.280000000000000000e+02
-6.340000000000000000e+02
8.300000000000000000e+01
1.550000000000000000e+02
1.950000000000000000e+02
-2.890000000000000000e+02
6.870000000000000000e+02
9.040000000000000000e+02
3.290000000000000000e+02
2.200000000000000000e+01
-2.350000000000000000e+02
2.600000000000000000e+02
1.049000000000000000e+03
1.270000000000000000e+02
-1.345000000000000000e+03
-4.490000000000000000e+02
1.276000000000000000e+03
5.122000000000000000e+03
1.715100000000000000e+04
3.006700000000000000e+04
1.414400000000000000e+04
-4.776000000000000000e+03
2.916400000000000000e+04
3.273000000000000000e+04
6.155000000000000000e+03
8.745100000000000000e+04
2.445520000000000000e+05
-2.565700000000000000e+04
-1.902110000000000000e+05
-1.083790000000000000e+05
1.100290000000000000e+05
6.069900000000000000e+04
-8.435700000000000000e+04
-8.756000000000000000e+04
-1.617910000000000000e+05
-1.415630000000000000e+05
4.808600000000000000e+04
1.831450000000000000e+05
5.203800000000000000e+04
-1.095050000000000000e+05
2.112820000000000000e+05
1.969110000000000000e+05
-5.049600000000000000e+04
1.839400000000000000e+04
2.348680000000000000e+05
-5.712300000000000000e+04
-3.927950000000000000e+05
-8.820600000000000000e+04
2.124540000000000000e+05
-2.905300000000000000e+04
-3.146430000000000000e+05
-1.879250000000000000e+05
-9.296000000000000000e+04
-2.086890000000000000e+05
-1.338100000000000000e+05
-1.088010000000000000e+05
2.106960000000000000e+05
2.656160000000000000e+05
2.378500000000000000e+04
-5.815000000000000000e+04
1.938860000000000000e+05
4.288000000000000000e+04
1.007170000000000000e+05
1.905720000000000000e+05
-8.658500000000000000e+04
9.219700000000000000e+04
-9.452700000000000000e+04
3.045000000000000000e+04
1.511100000000000000e+04
-6.823300000000000000e+04
-4.264900000000000000e+05
-2.729200000000000000e+05
-2.323330000000000000e+05
2.136380000000000000e+05
3.579480000000000000e+05
2.528560000000000000e+05
-1.205810000000000000e+05
-1.314640000000000000e+05
4.893500000000000000e+04
1.302160000000000000e+05
9.515300000000000000e+04
-9.572700000000000000e+04
-1.041780000000000000e+05
-3.740400000000000000e+04
1.241900000000000000e+04
-5.279000000000000000e+04
9.775000000000000000e+03
2.984080000000000000e+05
3.401170000000000000e+05
1.965900000000000000e+04
-1.825650000000000000e+05
-1.782340000000000000e+05
-1.385730000000000000e+05
-9.125500000000000000e+04
8.982200000000000000e+04
1.280680000000000000e+05
1.169720000000000000e+05
7.784000000000000000e+04
4.636600000000000000e+04
1.703460000000000000e+05
-7.890100000000000000e+04
4.114000000000000000e+03
1.445640000000000000e+05
3.875830000000000000e+05
2.392310000000000000e+05
4.969500000000000000e+04
-3.822490000000000000e+05
-2.485510000000000000e+05
-1.683570000000000000e+05
-2.435830000000000000e+05
7.931700000000000000e+04
-2.118040000000000000e+05
-8.533000000000000000e+03
1.800230000000000000e+05
-7.592600000000000000e+04
-1.425800000000000000e+04
1.525000000000000000e+04
-9.109600000000000000e+04
-1.104570000000000000e+05
-1.713130000000000000e+05
1.102130000000000000e+05
1.106050000000000000e+05
-9.379000000000000000e+04
7.680000000000000000e+02
-1.676560000000000000e+05
-8.663200000000000000e+04
1.728420000000000000e+05
-1.281590000000000000e+05
-4.686910000000000000e+05
-2.896740000000000000e+05
1.484050000000000000e+05
4.282940000000000000e+05
2.722570000000000000e+05
-3.034700000000000000e+04
1.367300000000000000e+05
2.429800000000000000e+04
-4.101900000000000000e+04
-7.538500000000000000e+04
4.658900000000000000e+04
1.291030000000000000e+05
1.622550000000000000e+05
5.863900000000000000e+04
2.204000000000000000e+03
1.107690000000000000e+05
-5.836600000000000000e+04
-2.553800000000000000e+04
9.595600000000000000e+04
1.160530000000000000e+05
9.094800000000000000e+04
-5.094000000000000000e+03
-1.013890000000000000e+05
-2.764410000000000000e+05
6.061600000000000000e+04
3.924140000000000000e+05
1.963600000000000000e+05
-1.619500000000000000e+04
-2.434730000000000000e+05
-2.901410000000000000e+05
-1.475910000000000000e+05
1.262230000000000000e+05
1.358330000000000000e+05
-1.716000000000000000e+03
-2.564030000000000000e+05
-2.652860000000000000e+05
-9.390700000000000000e+04
6.779000000000000000e+04
1.552300000000000000e+05
1.845700000000000000e+05
-2.464400000000000000e+04
-3.156470000000000000e+05
-2.289590000000000000e+05
3.551400000000000000e+04
7.388600000000000000e+04
2.113140000000000000e+05
1.625570000000000000e+05
-2.235400000000000000e+04
-2.551300000000000000e+04
5.256100000000000000e+04
2.845300000000000000e+04
-1.331070000000000000e+05
-1.649790000000000000e+05
-8.954100000000000000e+04
8.009900000000000000e+04
1.776460000000000000e+05
1.318070000000000000e+05
5.301600000000000000e+04
3.824800000000000000e+04
7.621700000000000000e+04
1.107200000000000000e+04
-7.461200000000000000e+04
-1.144730000000000000e+05
7.079000000000000000e+03
1.145430000000000000e+05
1.683800000000000000e+05
4.408800000000000000e+04
-1.593210000000000000e+05
-1.779810000000000000e+05
-1.645030000000000000e+05
-9.861500000000000000e+04
5.775200000000000000e+04
1.895950000000000000e+05
2.432670000000000000e+05
8.661200000000000000e+04
-3.563700000000000000e+04
4.622000000000000000e+03
-1.401450000000000000e+05
-1.648790000000000000e+05
1.254900000000000000e+04
1.175510000000000000e+05
-1.312100000000000000e+04
-1.864890000000000000e+05
-3.373500000000000000e+04
1.328710000000000000e+05
2.824500000000000000e+04
-1.724780000000000000e+05
-1.147100000000000000e+05
1.661700000000000000e+04
1.423190000000000000e+05
1.559700000000000000e+05
-1.767300000000000000e+04
-3.839600000000000000e+04
6.044600000000000000e+04
1.294210000000000000e+05
-3.222400000000000000e+04
-2.607560000000000000e+05
-9.380600000000000000e+04
8.041100000000000000e+04
1.043370000000000000e+05
1.220230000000000000e+05
5.991500000000000000e+04
1.116900000000000000e+04
-1.714800000000000000e+04
-4.381700000000000000e+04
-2.726000000000000000e+04
1.506500000000000000e+04
1.168000000000000000e+04
1.190400000000000000e+05
-3.610300000000000000e+04
-4.153500000000000000e+04
-7.677900000000000000e+04
-1.877340000000000000e+05
-1.104200000000000000e+05
-7.908000000000000000e+03
1.285460000000000000e+05
1.561220000000000000e+05
1.825570000000000000e+05
1.559160000000000000e+05
1.009610000000000000e+05
-5.841500000000000000e+04
-1.731860000000000000e+05
-1.156040000000000000e+05
-5.451900000000000000e+04
-7.638100000000000000e+04
-7.555500000000000000e+04
7.126400000000000000e+04
1.841770000000000000e+05
9.364100000000000000e+04
-1.187610000000000000e+05
-1.906760000000000000e+05
-1.010920000000000000e+05
-7.444700000000000000e+04
-1.178780000000000000e+05
-9.367300000000000000e+04
-4.885000000000000000e+04
-6.325500000000000000e+04
-4.300300000000000000e+04
2.019600000000000000e+04
-3.381200000000000000e+04
4.012000000000000000e+03
-1.936300000000000000e+04
-1.253450000000000000e+05
-1.007310000000000000e+05
1.308690000000000000e+05
1.385140000000000000e+05
-1.325300000000000000e+04
-1.010550000000000000e+05
-1.373680000000000000e+05
-7.456000000000000000e+04
1.803500000000000000e+05
3.201770000000000000e+05
4.318560000000000000e+05
4.796050000000000000e+05
3.214120000000000000e+05
2.236800000000000000e+04
-1.110590000000000000e+05
-1.105490000000000000e+05
-7.634200000000000000e+04
2.059200000000000000e+05
3.416920000000000000e+05
3.176170000000000000e+05
3.701760000000000000e+05
2.448640000000000000e+05
-5.003700000000000000e+04
-1.248210000000000000e+05
-2.574460000000000000e+05
-3.513440000000000000e+05
-3.310560000000000000e+05
-2.528410000000000000e+05
-1.109140000000000000e+05
-9.975600000000000000e+04
-5.431000000000000000e+03
1.594000000000000000e+03
7.306000000000000000e+03
1.107430000000000000e+05
1.465100000000000000e+04
-1.359540000000000000e+05
-2.860760000000000000e+05
-4.503020000000000000e+05
-4.257120000000000000e+05
-3.158640000000000000e+05
-4.192300000000000000e+04
7.085200000000000000e+04
1.173680000000000000e+05
8.984700000000000000e+04
9.014100000000000000e+04
-1.927100000000000000e+04
2.455400000000000000e+04
6.814000000000000000e+04
2.036790000000000000e+05
3.110070000000000000e+05
2.821510000000000000e+05
1.010760000000000000e+05
-7.041200000000000000e+04
-2.088640000000000000e+05
-2.051800000000000000e+05
-1.183270000000000000e+05
2.051940000000000000e+05
6.063260000000000000e+05
8.539380000000000000e+05
7.355570000000000000e+05
2.444460000000000000e+05
2.830900000000000000e+04
-2.495000000000000000e+03
1.646560000000000000e+05
2.399480000000000000e+05
1.650150000000000000e+05
1.704890000000000000e+05
1.846440000000000000e+05
2.536370000000000000e+05
2.500570000000000000e+05
4.712000000000000000e+03
-2.300610000000000000e+05
-4.092060000000000000e+05
-4.863280000000000000e+05
-4.096030000000000000e+05
-3.974450000000000000e+05
-3.011640000000000000e+05
-2.041910000000000000e+05
-1.397880000000000000e+05
-3.882250000000000000e+05
-3.559700000000000000e+05
-2.704910000000000000e+05
-4.093190000000000000e+05
-8.127290000000000000e+05
-8.178380000000000000e+05
-4.200620000000000000e+05
-1.047740000000000000e+05
-7.855200000000000000e+04
-3.848660000000000000e+05
-2.771950000000000000e+05
1.526060000000000000e+05
6.471960000000000000e+05
8.850400000000000000e+05
4.154140000000000000e+05
-1.971490000000000000e+05
-4.381220000000000000e+05
-9.674100000000000000e+04
5.116660000000000000e+05
9.538410000000000000e+05
8.639360000000000000e+05
4.601480000000000000e+05
2.312100000000000000e+04
-3.400810000000000000e+05
-2.388820000000000000e+05
-7.758600000000000000e+04
5.501800000000000000e+04
5.911100000000000000e+04
-7.443500000000000000e+04
-1.876760000000000000e+05
7.067000000000000000e+03
1.775730000000000000e+05
9.476000000000000000e+04
-3.683000000000000000e+04
-3.991300000000000000e+05
-7.111060000000000000e+05
-8.075590000000000000e+05
-6.312390000000000000e+05
-2.421740000000000000e+05
4.246850000000000000e+05
9.353590000000000000e+05
7.606080000000000000e+05
-1.327500000000000000e+05
-8.549960000000000000e+05
-1.275728000000000000e+06
-8.555930000000000000e+05
2.344780000000000000e+05
9.239830000000000000e+05
1.106992000000000000e+06
8.470110000000000000e+05
3.298660000000000000e+05
-2.476860000000000000e+05
-8.120100000000000000e+05
-8.227640000000000000e+05
-5.053600000000000000e+04
7.441450000000000000e+05
8.666200000000000000e+05
6.753890000000000000e+05
5.229790000000000000e+05
-1.499040000000000000e+05
-6.337380000000000000e+05
-1.061793000000000000e+06
-8.688240000000000000e+05
-3.545900000000000000e+04
4.400590000000000000e+05
3.150000000000000000e+05
-7.645800000000000000e+04
1.113430000000000000e+05
1.227470000000000000e+05
-7.608300000000000000e+04
-1.963300000000000000e+05
1.784340000000000000e+05
5.950470000000000000e+05
6.387620000000000000e+05
5.958420000000000000e+05
4.481790000000000000e+05
1.003140000000000000e+06
1.725260000000000000e+06
1.740949000000000000e+06
7.600380000000000000e+05
-7.159100000000000000e+05
-1.628091000000000000e+06
-1.627487000000000000e+06
-9.704150000000000000e+05
-5.324350000000000000e+05
-6.072090000000000000e+05
-6.816950000000000000e+05
-9.800990000000000000e+05
-1.285395000000000000e+06
-1.512615000000000000e+06
-1.017918000000000000e+06
-1.023000000000000000e+03
1.065701000000000000e+06
1.441237000000000000e+06
1.162861000000000000e+06
1.362445000000000000e+06
1.924925000000000000e+06
1.933976000000000000e+06
9.635670000000000000e+05
2.881210000000000000e+05
-3.305830000000000000e+05
-1.078726000000000000e+06
-1.626691000000000000e+06
-1.622179000000000000e+06
-8.863040000000000000e+05
-6.644140000000000000e+05
-7.407380000000000000e+05
-8.687880000000000000e+05
-6.557550000000000000e+05
1.877000000000000000e+05
9.825640000000000000e+05
1.902973000000000000e+06
2.238944000000000000e+06
1.909003000000000000e+06
9.721410000000000000e+05
-4.896000000000000000e+04
-1.296705000000000000e+06
-1.651675000000000000e+06
-1.165940000000000000e+06
-9.653400000000000000e+05
-9.595630000000000000e+05
-8.141710000000000000e+05
-9.949130000000000000e+05
-1.198431000000000000e+06
-8.228860000000000000e+05
-4.388230000000000000e+05
4.119480000000000000e+05
1.306618000000000000e+06
1.458200000000000000e+06
1.530272000000000000e+06
1.695293000000000000e+06
1.355432000000000000e+06
7.371320000000000000e+05
2.706690000000000000e+05
-1.902350000000000000e+05
-8.717200000000000000e+04
2.337360000000000000e+05
5.632790000000000000e+05
3.421180000000000000e+05
-9.029500000000000000e+04
-4.600270000000000000e+05
-1.155912000000000000e+06
-2.131782000000000000e+06
-2.524185000000000000e+06
-2.335505000000000000e+06
-1.610599000000000000e+06
-7.243070000000000000e+05
2.957390000000000000e+05
1.304483000000000000e+06
2.319614000000000000e+06
3.117909000000000000e+06
3.056917000000000000e+06
2.351008000000000000e+06
1.511431000000000000e+06
9.265710000000000000e+05
-5.926100000000000000e+04
-1.804101000000000000e+06
-3.268734000000000000e+06
-3.680718000000000000e+06
-3.340672000000000000e+06
-2.280381000000000000e+06
-3.357320000000000000e+05
1.569763000000000000e+06
2.788281000000000000e+06
2.912123000000000000e+06
2.246252000000000000e+06
1.618805000000000000e+06
8.040820000000000000e+05
-2.222910000000000000e+05
-1.213719000000000000e+06
-1.968698000000000000e+06
-2.206746000000000000e+06
-1.520718000000000000e+06
-7.551110000000000000e+05
-2.680600000000000000e+05
1.810060000000000000e+05
7.685750000000000000e+05
1.203194000000000000e+06
1.071066000000000000e+06
6.888880000000000000e+05
6.873600000000000000e+04
-2.715770000000000000e+05
-9.651000000000000000e+03
3.122570000000000000e+05
5.049560000000000000e+05
6.128710000000000000e+05
8.402570000000000000e+05
8.411450000000000000e+05
3.673680000000000000e+05
-2.286820000000000000e+05
-1.117528000000000000e+06
-1.925781000000000000e+06
-2.101903000000000000e+06
-1.642449000000000000e+06
-7.750660000000000000e+05
2.107650000000000000e+05
6.728780000000000000e+05
7.190370000000000000e+05
7.450130000000000000e+05
8.123780000000000000e+05
7.433610000000000000e+05
4.496090000000000000e+05
1.392750000000000000e+05
8.405500000000000000e+04
3.370360000000000000e+05
7.231540000000000000e+05
8.685720000000000000e+05
7.231530000000000000e+05
5.627300000000000000e+04
-1.033882000000000000e+06
-1.870477000000000000e+06
-1.906428000000000000e+06
-1.369585000000000000e+06
-6.733720000000000000e+05
-4.771600000000000000e+04
2.756530000000000000e+05
7.104300000000000000e+05
1.089597000000000000e+06
1.058101000000000000e+06
1.021486000000000000e+06
9.002310000000000000e+05
8.131190000000000000e+05
6.055630000000000000e+05
2.613920000000000000e+05
-1.821820000000000000e+05
-8.764510000000000000e+05
-1.526012000000000000e+06
-1.773680000000000000e+06
-1.501652000000000000e+06
-6.701040000000000000e+05
2.037880000000000000e+05
5.688850000000000000e+05
6.680210000000000000e+05
4.898860000000000000e+05
6.982260000000000000e+05
1.083958000000000000e+06
8.268720000000000000e+05
3.992400000000000000e+05
3.734410000000000000e+05
3.394740000000000000e+05
1.087190000000000000e+05
-2.034940000000000000e+05
-6.021370000000000000e+05
-1.062458000000000000e+06
-1.169890000000000000e+06
-8.505750000000000000e+05
-6.042510000000000000e+05
-5.664600000000000000e+05
-5.714060000000000000e+05
-4.705460000000000000e+05
-3.247740000000000000e+05
-4.460500000000000000e+04
9.960000000000000000e+05
2.355912000000000000e+06
3.254561000000000000e+06
3.022669000000000000e+06
1.557290000000000000e+06
-7.725670000000000000e+05
-2.717927000000000000e+06
-3.135864000000000000e+06
-2.243141000000000000e+06
-8.434300000000000000e+05
9.434400000000000000e+04
3.062170000000000000e+05
3.657500000000000000e+04
-7.359700000000000000e+04
8.886400000000000000e+04
