   0.0000000e+00   2.0000000e+00   2.2000000e+00
   1.0000000e+01   2.0004366e+00   2.2004368e+00
   2.0000000e+01   2.0008732e+00   2.2008736e+00
   3.0000000e+01   2.0013098e+00   2.2013104e+00
   4.0000000e+01   2.0017464e+00   2.2017472e+00
   5.0000000e+01   2.0021830e+00   2.2021840e+00
   6.0000000e+01   2.0026197e+00   2.2026208e+00
   7.0000000e+01   2.0030563e+00   2.2030576e+00
   8.0000000e+01   2.0034929e+00   2.2034944e+00
   9.0000000e+01   2.0039295e+00   2.2039312e+00
   1.0000000e+02   2.0043661e+00   2.2043680e+00
   1.1000000e+02   2.0048027e+00   2.2048048e+00
   1.2000000e+02   2.0052393e+00   2.2052416e+00
   1.3000000e+02   2.0056759e+00   2.2056784e+00
   1.4000000e+02   2.0061125e+00   2.2061152e+00
   1.5000000e+02   2.0065491e+00   2.2065520e+00
   1.6000000e+02   2.0069858e+00   2.2069888e+00
   1.7000000e+02   2.0074224e+00   2.2074256e+00
   1.8000000e+02   2.0082959e+00   2.2078624e+00
   1.9000000e+02   2.0096024e+00   2.2082992e+00
   2.0000000e+02   2.0109089e+00   2.2087361e+00
   2.1000000e+02   2.0122154e+00   2.2091729e+00
   2.2000000e+02   2.0135219e+00   2.2100851e+00
   2.3000000e+02   2.0148284e+00   2.2113922e+00
   2.4000000e+02   2.0161349e+00   2.2126994e+00
   2.5000000e+02   2.0174414e+00   2.2140065e+00
   2.6000000e+02   2.0187479e+00   2.2153136e+00
   2.7000000e+02   2.0200544e+00   2.2166207e+00
   2.8000000e+02   2.0213609e+00   2.2179278e+00
   2.9000000e+02   2.0226674e+00   2.2192349e+00
   3.0000000e+02   2.0239740e+00   2.2205421e+00
   3.1000000e+02   2.0252805e+00   2.2218492e+00
   3.2000000e+02   2.0265870e+00   2.2231563e+00
   3.3000000e+02   2.0278935e+00   2.2244634e+00
   3.4000000e+02   2.0292000e+00   2.2257705e+00
   3.5000000e+02   2.0305065e+00   2.2270777e+00
   3.6000000e+02   2.0324447e+00   2.2283848e+00
   3.7000000e+02   2.0346112e+00   2.2296919e+00
   3.8000000e+02   2.0367776e+00   2.2309990e+00
   3.9000000e+02   2.0389441e+00   2.2323061e+00
   4.0000000e+02   2.0411105e+00   2.2336132e+00
   4.1000000e+02   2.0432770e+00   2.2349204e+00
   4.2000000e+02   2.0454435e+00   2.2362275e+00
   4.3000000e+02   2.0476099e+00   2.2375346e+00
   4.4000000e+02   2.0497764e+00   2.2393933e+00
   4.5000000e+02   2.0519428e+00   2.2415610e+00
   4.6000000e+02   2.0541093e+00   2.2437286e+00
   4.7000000e+02   2.0562758e+00   2.2458962e+00
   4.8000000e+02   2.0584422e+00   2.2480638e+00
   4.9000000e+02   2.0606087e+00   2.2502314e+00
   5.0000000e+02   2.0627751e+00   2.2523990e+00
   5.1000000e+02   2.0649416e+00   2.2545666e+00
   5.2000000e+02   2.0671080e+00   2.2567342e+00
   5.3000000e+02   2.0692745e+00   2.2589018e+00
   5.4000000e+02   2.0717869e+00   2.2610694e+00
   5.5000000e+02   2.0747968e+00   2.2632370e+00
   5.6000000e+02   2.0778068e+00   2.2654046e+00
   5.7000000e+02   2.0808167e+00   2.2675723e+00
   5.8000000e+02   2.0838266e+00   2.2697399e+00
   5.9000000e+02   2.0868365e+00   2.2719075e+00
   6.0000000e+02   2.0898465e+00   2.2740751e+00
   6.1000000e+02   2.0928564e+00   2.2762427e+00
   6.2000000e+02   2.0958663e+00   2.2784103e+00
   6.3000000e+02   2.0988762e+00   2.2805779e+00
   6.4000000e+02   2.1018861e+00   2.2827455e+00
   6.5000000e+02   2.1048961e+00   2.2849131e+00
   6.6000000e+02   2.1079060e+00   2.2870807e+00
   6.7000000e+02   2.1109159e+00   2.2899001e+00
   6.8000000e+02   2.1139258e+00   2.2929120e+00
   6.9000000e+02   2.1169358e+00   2.2959239e+00
   7.0000000e+02   2.1199457e+00   2.2989358e+00
   7.1000000e+02   2.1229556e+00   2.3019476e+00
   7.2000000e+02   2.1259655e+00   2.3049595e+00
   7.3000000e+02   2.1291444e+00   2.3079714e+00
   7.4000000e+02   2.1329749e+00   2.3109833e+00
   7.5000000e+02   2.1368054e+00   2.3139951e+00
   7.6000000e+02   2.1406359e+00   2.3170070e+00
   7.7000000e+02   2.1444664e+00   2.3200189e+00
   7.8000000e+02   2.1482968e+00   2.3230308e+00
   7.9000000e+02   2.1521273e+00   2.3260426e+00
   8.0000000e+02   2.1559578e+00   2.3290545e+00
   8.1000000e+02   2.1597883e+00   2.3320664e+00
   8.2000000e+02   2.1636188e+00   2.3350783e+00
   8.3000000e+02   2.1674492e+00   2.3380901e+00
   8.4000000e+02   2.1712797e+00   2.3411020e+00
   8.5000000e+02   2.1751102e+00   2.3441139e+00
   8.6000000e+02   2.1789407e+00   2.3471258e+00
   8.7000000e+02   2.1827712e+00   2.3501377e+00
   8.8000000e+02   2.1866016e+00   2.3531495e+00
   8.9000000e+02   2.1904321e+00   2.3561614e+00
   9.0000000e+02   2.1942626e+00   2.3591733e+00
   9.1000000e+02   2.1980931e+00   2.3624117e+00
   9.2000000e+02   2.2019236e+00   2.3662455e+00
   9.3000000e+02   2.2057540e+00   2.3700794e+00
   9.4000000e+02   2.2101690e+00   2.3739132e+00
   9.5000000e+02   2.2147908e+00   2.3777470e+00
   9.6000000e+02   2.2194127e+00   2.3815809e+00
   9.7000000e+02   2.2240346e+00   2.3854147e+00
   9.8000000e+02   2.2286565e+00   2.3892486e+00
   9.9000000e+02   2.2332784e+00   2.3930824e+00
   1.0000000e+03   2.2379003e+00   2.3969163e+00
   1.0100000e+03   2.2425221e+00   2.4007501e+00
   1.0200000e+03   2.2471440e+00   2.4045839e+00
   1.0300000e+03   2.2517659e+00   2.4084178e+00
   1.0400000e+03   2.2563878e+00   2.4122516e+00
   1.0500000e+03   2.2610097e+00   2.4160855e+00
   1.0600000e+03   2.2656316e+00   2.4199193e+00
   1.0700000e+03   2.2702535e+00   2.4237532e+00
   1.0800000e+03   2.2748753e+00   2.4275870e+00
   1.0900000e+03   2.2794972e+00   2.4314208e+00
   1.1000000e+03   2.2841191e+00   2.4352547e+00
   1.1100000e+03   2.2887410e+00   2.4390885e+00
   1.1200000e+03   2.2933629e+00   2.4429224e+00
   1.1300000e+03   2.2979848e+00   2.4467562e+00
   1.1400000e+03   2.3026067e+00   2.4505901e+00
   1.1500000e+03   2.3072285e+00   2.4544239e+00
   1.1600000e+03   2.3122512e+00   2.4582577e+00
   1.1700000e+03   2.3176293e+00   2.4620916e+00
   1.1800000e+03   2.3230074e+00   2.4660433e+00
   1.1900000e+03   2.3283855e+00   2.4706715e+00
   1.2000000e+03   2.3337636e+00   2.4752998e+00
   1.2100000e+03   2.3391418e+00   2.4799281e+00
   1.2200000e+03   2.3445199e+00   2.4845563e+00
   1.2300000e+03   2.3498980e+00   2.4891846e+00
   1.2400000e+03   2.3552761e+00   2.4938128e+00
   1.2500000e+03   2.3606542e+00   2.4984411e+00
   1.2600000e+03   2.3660323e+00   2.5030694e+00
   1.2700000e+03   2.3714105e+00   2.5076976e+00
   1.2800000e+03   2.3767886e+00   2.5123259e+00
   1.2900000e+03   2.3821667e+00   2.5169541e+00
   1.3000000e+03   2.3875448e+00   2.5215824e+00
   1.3100000e+03   2.3929229e+00   2.5262107e+00
   1.3200000e+03   2.3983010e+00   2.5308389e+00
   1.3300000e+03   2.4036791e+00   2.5354672e+00
   1.3400000e+03   2.4090573e+00   2.5400954e+00
   1.3500000e+03   2.4144354e+00   2.5447237e+00
   1.3600000e+03   2.4198135e+00   2.5493520e+00
   1.3700000e+03   2.4251916e+00   2.5539802e+00
   1.3800000e+03   2.4305697e+00   2.5586085e+00
   1.3900000e+03   2.4359478e+00   2.5632368e+00
   1.4000000e+03   2.4413259e+00   2.5678650e+00
   1.4100000e+03   2.4473897e+00   2.5724933e+00
   1.4200000e+03   2.4534831e+00   2.5771215e+00
   1.4300000e+03   2.4595765e+00   2.5817498e+00
   1.4400000e+03   2.4656699e+00   2.5863781e+00
   1.4500000e+03   2.4717633e+00   2.5910063e+00
   1.4600000e+03   2.4778567e+00   2.5956346e+00
   1.4700000e+03   2.4839502e+00   2.6002628e+00
   1.4800000e+03   2.4900436e+00   2.6048911e+00
   1.4900000e+03   2.4961370e+00   2.6095194e+00
   1.5000000e+03   2.5022304e+00   2.6145402e+00
